-0.155
-0.155
-0.155
-0.155
-0.155
-0.155
-0.155
-0.155
-0.17
-0.175
-0.195
-0.22
-0.21
-0.215
-0.24
-0.26
-0.265
-0.27
-0.28
-0.29
-0.285
-0.3
-0.305
-0.32
-0.345
-0.34
-0.325
-0.305
-0.305
-0.31
-0.32
-0.32
-0.31
-0.315
-0.34
-0.36
-0.375
-0.355
-0.35
-0.335
-0.345
-0.365
-0.4
-0.4
-0.365
-0.37
-0.34
-0.355
-0.35
-0.355
-0.37
-0.37
-0.355
-0.35
-0.355
-0.355
-0.375
-0.385
-0.405
-0.435
-0.415
-0.355
-0.3
-0.275
-0.275
-0.27
-0.27
-0.265
-0.265
-0.26
-0.25
-0.235
-0.21
-0.18
-0.165
-0.18
-0.19
-0.19
-0.175
-0.165
-0.16
-0.18
-0.23
-0.28
-0.31
-0.33
-0.325
-0.33
-0.335
-0.34
-0.345
-0.33
-0.35
-0.355
-0.385
-0.405
-0.43
-0.43
-0.4
-0.4
-0.39
-0.38
-0.37
-0.355
-0.365
-0.345
-0.345
-0.39
-0.41
-0.415
-0.425
-0.39
-0.385
-0.395
-0.41
-0.405
-0.435
-0.435
-0.41
-0.38
-0.37
-0.36
-0.36
-0.39
-0.39
-0.375
-0.345
-0.325
-0.33
-0.335
-0.335
-0.36
-0.37
-0.35
-0.29
-0.23
-0.185
-0.205
-0.265
-0.285
-0.27
-0.28
-0.315
-0.365
-0.405
-0.43
-0.445
-0.45
-0.415
-0.375
-0.29
-0.225
-0.165
-0.14
-0.13
-0.115
-0.04
0.175
0.425
0.565
0.55
0.44
0.33
0.225
0.105
-0.005
-0.085
-0.175
-0.21
-0.225
-0.22
-0.235
-0.235
-0.235
-0.21
-0.18
-0.2
-0.185
-0.225
-0.245
-0.255
-0.26
-0.245
-0.235
-0.23
-0.225
-0.225
-0.24
-0.225
-0.21
-0.21
-0.2
-0.19
-0.165
-0.15
-0.17
-0.195
-0.2
-0.205
-0.175
-0.15
-0.13
-0.12
-0.12
-0.145
-0.14
-0.115
-0.115
-0.105
-0.11
-0.11
-0.1
-0.1
-0.115
-0.115
-0.105
-0.075
-0.045
-0.03
-0.02
-0.025
-0.06
-0.075
-0.065
-0.06
-0.055
-0.01
0.01
0.005
-0.01
-0.005
-0.015
-0.01
-0.02
-0.005
0.01
-0.01
-0.01
0
-0.025
-0.045
-0.055
-0.025
0
0.01
0
-0.035
-0.045
-0.075
-0.13
-0.135
-0.11
-0.105
-0.095
-0.13
-0.175
-0.2
-0.22
-0.245
-0.24
-0.225
-0.23
-0.235
-0.245
-0.265
-0.29
-0.31
-0.305
-0.32
-0.31
-0.295
-0.275
-0.29
-0.32
-0.35
-0.35
-0.355
-0.34
-0.345
-0.32
-0.34
-0.375
-0.375
-0.375
-0.345
-0.34
-0.34
-0.365
-0.38
-0.405
-0.415
-0.41
-0.41
-0.435
-0.435
-0.415
-0.4
-0.385
-0.4
-0.42
-0.45
-0.455
-0.465
-0.46
-0.45
-0.425
-0.415
-0.4
-0.395
-0.41
-0.425
-0.45
-0.455
-0.44
-0.425
-0.415
-0.4
-0.43
-0.43
-0.43
-0.42
-0.42
-0.42
-0.395
-0.385
-0.345
-0.32
-0.31
-0.31
-0.315
-0.325
-0.345
-0.34
-0.315
-0.28
-0.305
-0.33
-0.385
-0.395
-0.385
-0.36
-0.355
-0.37
-0.375
-0.395
-0.39
-0.39
-0.405
-0.415
-0.435
-0.42
-0.44
-0.47
-0.505
-0.53
-0.505
-0.48
-0.49
-0.49
-0.51
-0.52
-0.51
-0.5
-0.505
-0.515
-0.53
-0.52
-0.51
-0.515
-0.505
-0.505
-0.525
-0.55
-0.555
-0.555
-0.535
-0.555
-0.55
-0.55
-0.555
-0.55
-0.54
-0.53
-0.545
-0.525
-0.515
-0.485
-0.475
-0.45
-0.455
-0.465
-0.47
-0.46
-0.465
-0.47
-0.47
-0.475
-0.46
-0.43
-0.425
-0.42
-0.425
-0.45
-0.445
-0.43
-0.405
-0.39
-0.375
-0.38
-0.4
-0.425
-0.45
-0.46
-0.485
-0.52
-0.555
-0.585
-0.61
-0.59
-0.56
-0.53
-0.48
-0.45
-0.415
-0.385
-0.385
-0.39
-0.33
-0.245
-0.085
0.125
0.275
0.33
0.315
0.255
0.16
0.03
-0.09
-0.175
-0.225
-0.265
-0.29
-0.32
-0.33
-0.355
-0.355
-0.345
-0.325
-0.32
-0.335
-0.305
-0.25
-0.23
-0.25
-0.28
-0.295
-0.305
-0.3
-0.28
-0.28
-0.29
-0.275
-0.28
-0.27
-0.25
-0.245
-0.255
-0.26
-0.26
-0.245
-0.235
-0.215
-0.21
-0.195
-0.215
-0.23
-0.215
-0.2
-0.205
-0.185
-0.18
-0.17
-0.165
-0.16
-0.17
-0.17
-0.17
-0.135
-0.11
-0.12
-0.13
-0.135
-0.125
-0.105
-0.095
-0.08
-0.09
-0.09
-0.06
-0.04
-0.02
-0.035
-0.06
-0.06
-0.06
-0.05
-0.025
-0.015
-0.055
-0.05
-0.04
-0.005
0.04
0.055
0.06
0.055
0.04
0.02
0.01
0.01
0.01
-0.005
-0.02
-0.02
-0.015
-0.015
-0.03
-0.065
-0.09
-0.085
-0.06
-0.055
-0.075
-0.1
-0.125
-0.135
-0.14
-0.175
-0.17
-0.2
-0.18
-0.19
-0.205
-0.23
-0.24
-0.265
-0.285
-0.28
-0.29
-0.29
-0.295
-0.285
-0.275
-0.265
-0.275
-0.25
-0.255
-0.275
-0.305
-0.305
-0.27
-0.255
-0.245
-0.26
-0.29
-0.305
-0.31
-0.315
-0.315
-0.315
-0.315
-0.335
-0.355
-0.345
-0.355
-0.36
-0.375
-0.38
-0.36
-0.35
-0.36
-0.375
-0.395
-0.385
-0.39
-0.38
-0.375
-0.375
-0.39
-0.39
-0.395
-0.385
-0.385
-0.385
-0.395
-0.4
-0.385
-0.385
-0.385
-0.41
-0.41
-0.38
-0.37
-0.36
-0.365
-0.38
-0.385
-0.375
-0.37
-0.345
-0.35
-0.355
-0.34
-0.315
-0.305
-0.295
-0.29
-0.29
-0.28
-0.255
-0.25
-0.24
-0.225
-0.23
-0.245
-0.235
-0.225
-0.23
-0.245
-0.275
-0.295
-0.275
-0.265
-0.27
-0.3
-0.345
-0.365
-0.375
-0.39
-0.395
-0.41
-0.395
-0.39
-0.375
-0.38
-0.375
-0.395
-0.42
-0.435
-0.415
-0.4
-0.4
-0.41
-0.43
-0.445
-0.425
-0.45
-0.45
-0.435
-0.425
-0.445
-0.445
-0.43
-0.44
-0.455
-0.475
-0.495
-0.49
-0.495
-0.49
-0.47
-0.45
-0.46
-0.43
-0.395
-0.37
-0.365
-0.37
-0.38
-0.37
-0.36
-0.35
-0.35
-0.355
-0.35
-0.34
-0.34
-0.345
-0.36
-0.36
-0.335
-0.32
-0.305
-0.295
-0.295
-0.31
-0.32
-0.33
-0.32
-0.32
-0.335
-0.34
-0.35
-0.355
-0.375
-0.405
-0.455
-0.52
-0.55
-0.525
-0.485
-0.45
-0.415
-0.36
-0.305
-0.27
-0.215
-0.205
-0.195
-0.195
-0.145
-0.05
0.145
0.335
0.48
0.545
0.495
0.445
0.375
0.275
0.135
0
-0.08
-0.145
-0.175
-0.185
-0.215
-0.225
-0.25
-0.26
-0.255
-0.25
-0.235
-0.235
-0.235
-0.235
-0.225
-0.215
-0.225
-0.24
-0.24
-0.235
-0.215
-0.21
-0.195
-0.19
-0.21
-0.195
-0.21
-0.205
-0.205
-0.21
-0.24
-0.23
-0.22
-0.21
-0.205
-0.2
-0.19
-0.175
-0.17
-0.175
-0.195
-0.205
-0.225
-0.21
-0.17
-0.14
-0.125
-0.135
-0.135
-0.145
-0.125
-0.13
-0.135
-0.125
-0.105
-0.115
-0.105
-0.1
-0.1
-0.11
-0.11
-0.095
-0.09
-0.055
-0.04
-0.045
-0.045
-0.055
-0.035
-0.02
-0.035
-0.045
-0.065
-0.05
-0.04
-0.05
-0.06
-0.055
-0.03
-0.005
0.015
0.005
0.02
0
0.005
0.005
0.025
0.035
0.04
0.04
0.03
0.045
0.045
0.035
0.03
0.005
-0.015
0
0.005
0.015
0.025
0.01
0.015
0.02
0.01
-0.005
-0.025
-0.035
-0.06
-0.045
-0.03
-0.01
-0.05
-0.04
-0.065
-0.1
-0.115
-0.145
-0.15
-0.175
-0.18
-0.165
-0.14
-0.12
-0.11
-0.12
-0.14
-0.155
-0.16
-0.185
-0.19
-0.21
-0.22
-0.215
-0.205
-0.215
-0.225
-0.235
-0.255
-0.25
-0.235
-0.24
-0.235
-0.235
-0.24
-0.23
-0.24
-0.24
-0.265
-0.27
-0.27
-0.27
-0.265
-0.265
-0.26
-0.275
-0.285
-0.285
-0.28
-0.295
-0.295
-0.32
-0.345
-0.33
-0.325
-0.305
-0.3
-0.315
-0.335
-0.33
-0.305
-0.31
-0.34
-0.355
-0.355
-0.33
-0.315
-0.325
-0.305
-0.305
-0.32
-0.325
-0.31
-0.31
-0.325
-0.35
-0.365
-0.36
-0.34
-0.305
-0.3
-0.295
-0.3
-0.305
-0.305
-0.31
-0.32
-0.325
-0.34
-0.32
-0.29
-0.285
-0.295
-0.29
-0.305
-0.305
-0.29
-0.3
-0.3
-0.29
-0.27
-0.245
-0.23
-0.2
-0.2
-0.205
-0.22
-0.195
-0.185
-0.16
-0.145
-0.14
-0.135
-0.135
-0.135
-0.14
-0.16
-0.19
-0.2
-0.2
-0.2
-0.2
-0.195
-0.215
-0.24
-0.24
-0.23
-0.245
-0.265
-0.3
-0.32
-0.315
-0.295
-0.27
-0.265
-0.265
-0.275
-0.27
-0.275
-0.295
-0.305
-0.335
-0.345
-0.325
-0.31
-0.295
-0.3
-0.335
-0.335
-0.35
-0.35
-0.37
-0.375
-0.37
-0.375
-0.355
-0.34
-0.38
-0.405
-0.405
-0.415
-0.38
-0.355
-0.345
-0.33
-0.3
-0.29
-0.285
-0.29
-0.295
-0.295
-0.305
-0.275
-0.245
-0.225
-0.205
-0.225
-0.23
-0.23
-0.24
-0.245
-0.24
-0.255
-0.26
-0.25
-0.235
-0.215
-0.21
-0.225
-0.24
-0.245
-0.24
-0.225
-0.23
-0.275
-0.28
-0.275
-0.265
-0.3
-0.35
-0.405
-0.455
-0.45
-0.415
-0.35
-0.305
-0.27
-0.24
-0.195
-0.17
-0.155
-0.15
-0.13
-0.1
-0.01
0.14
0.335
0.49
0.565
0.545
0.485
0.425
0.33
0.21
0.1
0.005
-0.045
-0.095
-0.145
-0.16
-0.19
-0.21
-0.225
-0.215
-0.175
-0.165
-0.16
-0.175
-0.16
-0.155
-0.155
-0.18
-0.19
-0.205
-0.185
-0.16
-0.145
-0.14
-0.155
-0.16
-0.165
-0.175
-0.17
-0.175
-0.16
-0.16
-0.14
-0.135
-0.125
-0.12
-0.14
-0.16
-0.16
-0.16
-0.135
-0.145
-0.155
-0.16
-0.15
-0.12
-0.1
-0.08
-0.09
-0.1
-0.095
-0.085
-0.08
-0.08
-0.085
-0.105
-0.095
-0.085
-0.075
-0.085
-0.1
-0.11
-0.095
-0.075
-0.06
-0.055
-0.07
-0.07
-0.065
-0.03
-0.025
-0.005
-0.005
-0.01
-0.03
-0.005
0.01
0.01
0.005
-0.005
-0.005
0.015
0.03
0.02
0
-0.005
-0.02
-0.01
-0.015
-0.02
-0.02
-0.015
-0.015
-0.01
0
-0.02
-0.055
-0.065
-0.05
-0.04
-0.055
-0.045
-0.06
-0.08
-0.08
-0.08
-0.08
-0.105
-0.145
-0.17
-0.165
-0.19
-0.195
-0.19
-0.22
-0.225
-0.23
-0.23
-0.235
-0.23
-0.245
-0.265
-0.265
-0.26
-0.265
-0.285
-0.305
-0.315
-0.305
-0.3
-0.275
-0.28
-0.295
-0.335
-0.31
-0.305
-0.3
-0.305
-0.32
-0.32
-0.33
-0.335
-0.31
-0.315
-0.325
-0.35
-0.36
-0.35
-0.345
-0.35
-0.36
-0.36
-0.35
-0.36
-0.365
-0.39
-0.395
-0.4
-0.395
-0.395
-0.38
-0.4
-0.4
-0.415
-0.415
-0.405
-0.385
-0.4
-0.405
-0.405
-0.395
-0.41
-0.395
-0.385
-0.39
-0.405
-0.4
-0.405
-0.405
-0.415
-0.42
-0.42
-0.41
-0.4
-0.385
-0.395
-0.41
-0.42
-0.39
-0.35
-0.33
-0.31
-0.305
-0.3
-0.29
-0.29
-0.265
-0.245
-0.245
-0.255
-0.25
-0.255
-0.245
-0.27
-0.295
-0.315
-0.31
-0.315
-0.31
-0.325
-0.35
-0.385
-0.39
-0.41
-0.41
-0.415
-0.42
-0.43
-0.435
-0.445
-0.415
-0.41
-0.42
-0.45
-0.475
-0.47
-0.44
-0.42
-0.43
-0.46
-0.465
-0.46
-0.46
-0.465
-0.49
-0.505
-0.495
-0.47
-0.47
-0.485
-0.5
-0.515
-0.505
-0.515
-0.51
-0.515
-0.505
-0.5
-0.48
-0.455
-0.41
-0.39
-0.37
-0.375
-0.39
-0.41
-0.39
-0.38
-0.37
-0.38
-0.37
-0.365
-0.355
-0.375
-0.375
-0.385
-0.36
-0.335
-0.305
-0.285
-0.295
-0.325
-0.335
-0.305
-0.3
-0.325
-0.35
-0.38
-0.37
-0.38
-0.44
-0.485
-0.54
-0.59
-0.595
-0.55
-0.5
-0.475
-0.44
-0.425
-0.42
-0.375
-0.325
-0.28
-0.205
-0.08
0.1
0.315
0.465
0.505
0.445
0.36
0.305
0.225
0.145
0.05
-0.055
-0.15
-0.195
-0.21
-0.225
-0.24
-0.245
-0.23
-0.205
-0.205
-0.205
-0.22
-0.21
-0.235
-0.245
-0.23
-0.2
-0.19
-0.175
-0.205
-0.215
-0.235
-0.235
-0.23
-0.205
-0.21
-0.195
-0.2
-0.18
-0.175
-0.17
-0.185
-0.16
-0.13
-0.115
-0.1
-0.11
-0.12
-0.15
-0.145
-0.13
-0.14
-0.14
-0.13
-0.12
-0.12
-0.11
-0.12
-0.135
-0.14
-0.125
-0.11
-0.095
-0.08
-0.08
-0.065
-0.04
-0.015
-0.005
-0.005
-0.025
-0.01
-0.005
-0.015
-0.015
-0.005
0
-0.01
-0.015
0.015
0.05
0.035
0.035
0.02
0.03
0.03
-0.005
-0.03
-0.05
-0.03
0.01
0.055
0.07
0.075
0.085
0.08
0.045
-0.005
-0.04
-0.045
-0.035
-0.03
-0.045
-0.05
-0.075
-0.08
-0.1
-0.12
-0.105
-0.1
-0.075
-0.045
-0.055
-0.105
-0.19
-0.25
-0.255
-0.215
-0.21
-0.25
-0.265
-0.235
-0.175
-0.185
-0.215
-0.27
-0.295
-0.29
-0.255
-0.245
-0.25
-0.255
-0.26
-0.315
-0.34
-0.325
-0.31
-0.27
-0.265
-0.225
-0.215
-0.25
-0.29
-0.31
-0.31
-0.345
-0.355
-0.36
-0.345
-0.385
-0.37
-0.335
-0.295
-0.28
-0.325
-0.37
-0.365
-0.365
-0.36
-0.365
-0.395
-0.45
-0.455
-0.455
-0.395
-0.365
-0.36
-0.39
-0.41
-0.44
-0.435
-0.435
-0.405
-0.4
-0.36
-0.325
-0.315
-0.32
-0.315
-0.305
-0.325
-0.37
-0.375
-0.345
-0.315
-0.34
-0.345
-0.34
-0.315
-0.285
-0.295
-0.34
-0.325
-0.315
-0.34
-0.355
-0.34
-0.295
-0.23
-0.22
-0.24
-0.265
-0.285
-0.31
-0.295
-0.295
-0.275
-0.27
-0.285
-0.3
-0.315
-0.355
-0.385
-0.405
-0.445
-0.465
-0.44
-0.395
-0.365
-0.37
-0.39
-0.44
-0.445
-0.445
-0.41
-0.375
-0.355
-0.37
-0.405
-0.455
-0.485
-0.49
-0.47
-0.44
-0.42
-0.46
-0.5
-0.535
-0.5
-0.465
-0.455
-0.425
-0.405
-0.395
-0.415
-0.41
-0.465
-0.475
-0.455
-0.415
-0.43
-0.46
-0.41
-0.35
-0.29
-0.24
-0.235
-0.285
-0.37
-0.425
-0.41
-0.37
-0.365
-0.375
-0.395
-0.38
-0.365
-0.35
-0.36
-0.355
-0.355
-0.395
-0.48
-0.565
-0.595
-0.605
-0.59
-0.56
-0.5
-0.425
-0.365
-0.325
-0.3
-0.255
-0.185
-0.06
0.09
0.265
0.415
0.475
0.465
0.405
0.285
0.15
0.025
-0.075
-0.15
-0.21
-0.24
-0.275
-0.28
-0.28
-0.29
-0.3
-0.265
-0.25
-0.21
-0.195
-0.205
-0.24
-0.285
-0.3
-0.275
-0.25
-0.235
-0.285
-0.33
-0.33
-0.285
-0.225
-0.18
-0.175
-0.225
-0.265
-0.285
-0.265
-0.225
-0.23
-0.225
-0.21
-0.19
-0.21
-0.22
-0.245
-0.265
-0.27
-0.235
-0.185
-0.155
-0.155
-0.2
-0.21
-0.22
-0.205
-0.165
-0.14
-0.11
-0.125
-0.16
-0.18
-0.18
-0.16
-0.125
-0.1
-0.075
-0.075
-0.085
-0.105
-0.125
-0.14
-0.115
-0.105
-0.075
-0.045
-0.02
-0.045
-0.06
-0.085
-0.075
-0.065
-0.05
-0.045
-0.025
-0.02
-0.015
-0.03
-0.085
-0.14
-0.145
-0.12
-0.105
-0.095
-0.1
-0.125
-0.125
-0.14
-0.15
-0.185
-0.185
-0.19
-0.195
-0.19
-0.205
-0.22
-0.255
-0.26
-0.235
-0.235
-0.245
-0.265
-0.29
-0.295
-0.31
-0.305
-0.3
-0.31
-0.345
-0.36
-0.355
-0.35
-0.36
-0.355
-0.35
-0.365
-0.37
-0.39
-0.4
-0.4
-0.39
-0.385
-0.355
-0.355
-0.355
-0.37
-0.405
-0.455
-0.475
-0.48
-0.445
-0.415
-0.42
-0.435
-0.45
-0.455
-0.45
-0.46
-0.465
-0.47
-0.465
-0.48
-0.48
-0.47
-0.49
-0.5
-0.49
-0.465
-0.445
-0.445
-0.435
-0.45
-0.465
-0.49
-0.49
-0.49
-0.485
-0.485
-0.485
-0.495
-0.47
-0.48
-0.495
-0.47
-0.47
-0.44
-0.435
-0.425
-0.45
-0.455
-0.45
-0.45
-0.42
-0.425
-0.41
-0.405
-0.38
-0.36
-0.33
-0.325
-0.34
-0.37
-0.375
-0.36
-0.36
-0.355
-0.365
-0.38
-0.385
-0.41
-0.41
-0.425
-0.455
-0.475
-0.47
-0.45
-0.445
-0.45
-0.47
-0.49
-0.48
-0.48
-0.485
-0.495
-0.51
-0.53
-0.54
-0.525
-0.52
-0.525
-0.525
-0.535
-0.54
-0.525
-0.525
-0.535
-0.54
-0.56
-0.575
-0.55
-0.54
-0.545
-0.55
-0.55
-0.535
-0.515
-0.51
-0.485
-0.48
-0.47
-0.435
-0.425
-0.41
-0.405
-0.415
-0.42
-0.41
-0.395
-0.385
-0.375
-0.38
-0.385
-0.385
-0.37
-0.335
-0.335
-0.335
-0.34
-0.345
-0.34
-0.33
-0.325
-0.325
-0.355
-0.375
-0.365
-0.375
-0.4
-0.455
-0.505
-0.52
-0.485
-0.435
-0.4
-0.355
-0.31
-0.275
-0.245
-0.21
-0.175
-0.125
-0.025
0.125
0.3
0.435
0.485
0.425
0.37
0.275
0.17
0.07
-0.035
-0.135
-0.23
-0.26
-0.265
-0.255
-0.25
-0.26
-0.285
-0.28
-0.28
-0.28
-0.295
-0.275
-0.27
-0.255
-0.245
-0.23
-0.23
-0.245
-0.255
-0.265
-0.245
-0.225
-0.22
-0.235
-0.225
-0.21
-0.215
-0.19
-0.18
-0.18
-0.175
-0.18
-0.17
-0.16
-0.17
-0.17
-0.185
-0.175
-0.16
-0.15
-0.145
-0.14
-0.165
-0.155
-0.135
-0.105
-0.11
-0.115
-0.115
-0.1
-0.085
-0.065
-0.065
-0.075
-0.085
-0.075
-0.045
-0.01
-0.03
-0.015
-0.025
-0.02
-0.015
0
0
-0.005
-0.02
-0.025
-0.025
0
0.005
-0.015
-0.03
0.005
0.005
0.03
0.03
0.03
0.01
0.015
0.02
0.01
0.005
0
-0.02
-0.02
-0.01
0
-0.025
-0.035
-0.065
-0.085
-0.085
-0.085
-0.08
-0.115
-0.125
-0.135
-0.14
-0.125
-0.145
-0.155
-0.175
-0.2
-0.2
-0.2
-0.205
-0.21
-0.23
-0.24
-0.235
-0.245
-0.25
-0.26
-0.285
-0.275
-0.255
-0.245
-0.255
-0.275
-0.31
-0.3
-0.29
-0.27
-0.28
-0.295
-0.315
-0.325
-0.33
-0.33
-0.335
-0.355
-0.365
-0.355
-0.345
-0.34
-0.35
-0.375
-0.4
-0.41
-0.4
-0.395
-0.39
-0.41
-0.42
-0.425
-0.405
-0.41
-0.41
-0.425
-0.44
-0.43
-0.415
-0.405
-0.43
-0.45
-0.47
-0.46
-0.43
-0.41
-0.41
-0.42
-0.445
-0.465
-0.45
-0.425
-0.43
-0.415
-0.43
-0.415
-0.4
-0.395
-0.41
-0.415
-0.42
-0.385
-0.35
-0.335
-0.335
-0.34
-0.35
-0.345
-0.325
-0.305
-0.295
-0.295
-0.295
-0.305
-0.28
-0.275
-0.3
-0.315
-0.34
-0.34
-0.335
-0.35
-0.36
-0.385
-0.405
-0.415
-0.435
-0.435
-0.43
-0.435
-0.43
-0.42
-0.385
-0.39
-0.405
-0.46
-0.47
-0.475
-0.475
-0.465
-0.445
-0.455
-0.44
-0.46
-0.475
-0.48
-0.49
-0.5
-0.5
-0.48
-0.465
-0.45
-0.47
-0.515
-0.545
-0.54
-0.515
-0.465
-0.425
-0.395
-0.39
-0.39
-0.395
-0.385
-0.39
-0.385
-0.37
-0.34
-0.31
-0.315
-0.35
-0.365
-0.375
-0.37
-0.355
-0.335
-0.31
-0.31
-0.3
-0.295
-0.305
-0.3
-0.315
-0.345
-0.375
-0.375
-0.38
-0.385
-0.445
-0.49
-0.525
-0.515
-0.48
-0.465
-0.44
-0.42
-0.37
-0.335
-0.31
-0.27
-0.245
-0.155
0
0.22
0.375
0.425
0.385
0.325
0.21
0.09
-0.035
-0.095
-0.14
-0.185
-0.23
-0.235
-0.235
-0.23
-0.25
-0.24
-0.265
-0.25
-0.24
-0.21
-0.21
-0.23
-0.25
-0.245
-0.26
-0.23
-0.205
-0.21
-0.23
-0.22
-0.18
-0.15
-0.155
-0.165
-0.175
-0.165
-0.15
-0.14
-0.145
-0.15
-0.17
-0.175
-0.16
-0.145
-0.13
-0.115
-0.125
-0.13
-0.12
-0.11
-0.11
-0.115
-0.1
-0.09
-0.065
-0.065
-0.065
-0.055
-0.05
-0.065
-0.04
-0.015
0.02
0.005
0.01
0.015
0.01
0
0.03
0.055
0.07
0.08
0.09
0.11
0.095
0.085
0.065
0.06
0.065
0.095
0.105
0.105
0.08
0.075
0.075
0.095
0.105
0.085
0.075
0.08
0.085
0.1
0.075
0.065
0.045
0.045
0.03
0.03
0
-0.03
-0.05
-0.075
-0.08
-0.08
-0.105
-0.125
-0.145
-0.13
-0.14
-0.14
-0.14
-0.145
-0.155
-0.18
-0.205
-0.19
-0.19
-0.19
-0.205
-0.2
-0.19
-0.175
-0.18
-0.2
-0.24
-0.25
-0.255
-0.245
-0.23
-0.225
-0.23
-0.235
-0.235
-0.235
-0.245
-0.265
-0.28
-0.275
-0.28
-0.285
-0.295
-0.3
-0.28
-0.285
-0.29
-0.295
-0.3
-0.345
-0.335
-0.325
-0.31
-0.325
-0.345
-0.35
-0.355
-0.34
-0.295
-0.27
-0.265
-0.305
-0.31
-0.335
-0.325
-0.295
-0.295
-0.315
-0.325
-0.325
-0.32
-0.3
-0.305
-0.31
-0.315
-0.28
-0.22
-0.2
-0.195
-0.195
-0.205
-0.195
-0.185
-0.145
-0.145
-0.155
-0.165
-0.18
-0.17
-0.185
-0.185
-0.23
-0.275
-0.27
-0.265
-0.245
-0.26
-0.26
-0.26
-0.295
-0.315
-0.33
-0.335
-0.34
-0.315
-0.32
-0.305
-0.295
-0.295
-0.32
-0.345
-0.35
-0.315
-0.28
-0.305
-0.32
-0.36
-0.395
-0.41
-0.42
-0.41
-0.4
-0.385
-0.37
-0.38
-0.42
-0.44
-0.465
-0.485
-0.475
-0.45
-0.41
-0.4
-0.39
-0.38
-0.375
-0.38
-0.365
-0.35
-0.35
-0.35
-0.375
-0.385
-0.37
-0.355
-0.335
-0.31
-0.295
-0.275
-0.28
-0.295
-0.31
-0.31
-0.31
-0.3
-0.29
-0.3
-0.305
-0.325
-0.34
-0.37
-0.4
-0.44
-0.485
-0.47
-0.435
-0.4
-0.355
-0.35
-0.335
-0.305
-0.26
-0.235
-0.2
-0.17
-0.105
0.015
0.22
0.415
0.535
0.535
0.47
0.39
0.275
0.13
0
-0.11
-0.155
-0.185
-0.205
-0.22
-0.22
-0.24
-0.265
-0.265
-0.265
-0.23
-0.235
-0.24
-0.265
-0.26
-0.26
-0.215
-0.2
-0.195
-0.225
-0.215
-0.23
-0.245
-0.225
-0.24
-0.24
-0.255
-0.245
-0.23
-0.195
-0.19
-0.19
-0.2
-0.2
-0.19
-0.185
-0.195
-0.21
-0.205
-0.18
-0.175
-0.16
-0.16
-0.165
-0.145
-0.14
-0.105
-0.095
-0.095
-0.12
-0.12
-0.125
-0.125
-0.1
-0.12
-0.11
-0.09
-0.075
-0.045
-0.02
-0.015
-0.005
-0.01
-0.02
-0.01
-0.01
-0.01
-0.025
-0.015
-0.015
0.01
0.025
0.04
0.035
0.035
0.03
0.055
0.065
0.085
0.065
0.035
0.02
-0.01
-0.025
-0.045
-0.045
-0.05
-0.06
-0.055
-0.05
-0.07
-0.08
-0.105
-0.11
-0.07
-0.045
-0.075
-0.095
-0.115
-0.12
-0.13
-0.135
-0.16
-0.175
-0.18
-0.19
-0.21
-0.22
-0.24
-0.245
-0.255
-0.24
-0.225
-0.23
-0.245
-0.285
-0.295
-0.305
-0.28
-0.27
-0.26
-0.25
-0.265
-0.28
-0.29
-0.275
-0.285
-0.29
-0.3
-0.315
-0.345
-0.31
-0.325
-0.345
-0.345
-0.36
-0.37
-0.35
-0.35
-0.355
-0.36
-0.355
-0.35
-0.335
-0.35
-0.36
-0.385
-0.38
-0.355
-0.345
-0.36
-0.36
-0.37
-0.385
-0.375
-0.34
-0.36
-0.355
-0.355
-0.35
-0.325
-0.335
-0.33
-0.355
-0.355
-0.39
-0.4
-0.41
-0.4
-0.405
-0.39
-0.405
-0.41
-0.42
-0.42
-0.405
-0.39
-0.39
-0.375
-0.37
-0.355
-0.35
-0.35
-0.35
-0.34
-0.34
-0.33
-0.295
-0.295
-0.27
-0.255
-0.23
-0.25
-0.26
-0.26
-0.26
-0.24
-0.24
-0.25
-0.28
-0.31
-0.355
-0.385
-0.38
-0.39
-0.4
-0.41
-0.44
-0.425
-0.43
-0.45
-0.45
-0.435
-0.445
-0.44
-0.405
-0.4
-0.43
-0.44
-0.475
-0.48
-0.47
-0.495
-0.525
-0.53
-0.515
-0.51
-0.49
-0.485
-0.515
-0.535
-0.525
-0.52
-0.475
-0.495
-0.51
-0.535
-0.545
-0.535
-0.49
-0.46
-0.425
-0.41
-0.41
-0.415
-0.415
-0.415
-0.4
-0.41
-0.405
-0.405
-0.395
-0.395
-0.375
-0.37
-0.35
-0.34
-0.375
-0.4
-0.405
-0.39
-0.375
-0.36
-0.33
-0.365
-0.385
-0.425
-0.45
-0.465
-0.495
-0.54
-0.55
-0.55
-0.545
-0.515
-0.485
-0.465
-0.445
-0.42
-0.38
-0.365
-0.325
-0.295
-0.21
-0.03
0.175
0.35
0.42
0.38
0.335
0.24
0.105
-0.03
-0.125
-0.21
-0.265
-0.305
-0.315
-0.29
-0.28
-0.275
-0.285
-0.31
-0.325
-0.31
-0.3
-0.31
-0.31
-0.31
-0.295
-0.295
-0.28
-0.28
-0.28
-0.29
-0.29
-0.27
-0.26
-0.27
-0.285
-0.305
-0.295
-0.28
-0.215
-0.205
-0.225
-0.24
-0.245
-0.23
-0.205
-0.215
-0.225
-0.22
-0.18
-0.155
-0.13
-0.13
-0.155
-0.16
-0.175
-0.155
-0.13
-0.115
-0.1
-0.095
-0.11
-0.11
-0.11
-0.11
-0.12
-0.11
-0.07
-0.07
-0.06
-0.065
-0.07
-0.065
-0.045
-0.01
0.025
0.025
0.015
0.01
-0.015
-0.005
-0.005
-0.01
0.025
0.025
0.01
0.01
0.015
0.005
-0.015
-0.015
-0.025
-0.03
-0.025
-0.03
-0.035
-0.045
-0.055
-0.045
-0.045
-0.08
-0.12
-0.145
-0.155
-0.155
-0.15
-0.16
-0.145
-0.14
-0.165
-0.165
-0.165
-0.175
-0.18
-0.235
-0.245
-0.255
-0.26
-0.255
-0.275
-0.28
-0.285
-0.3
-0.28
-0.295
-0.305
-0.325
-0.325
-0.32
-0.32
-0.315
-0.32
-0.3
-0.285
-0.315
-0.325
-0.33
-0.34
-0.37
-0.385
-0.36
-0.365
-0.36
-0.345
-0.36
-0.365
-0.38
-0.395
-0.395
-0.395
-0.425
-0.435
-0.425
-0.405
-0.435
-0.47
-0.47
-0.46
-0.455
-0.43
-0.425
-0.43
-0.44
-0.455
-0.455
-0.46
-0.485
-0.505
-0.48
-0.48
-0.445
-0.455
-0.445
-0.455
-0.46
-0.475
-0.465
-0.455
-0.445
-0.435
-0.43
-0.415
-0.425
-0.425
-0.435
-0.435
-0.43
-0.41
-0.365
-0.335
-0.335
-0.36
-0.36
-0.36
-0.34
-0.335
-0.345
-0.35
-0.35
-0.345
-0.325
-0.315
-0.32
-0.325
-0.325
-0.35
-0.345
-0.36
-0.39
-0.4
-0.41
-0.42
-0.41
-0.415
-0.455
-0.465
-0.47
-0.485
-0.465
-0.445
-0.455
-0.47
-0.47
-0.465
-0.455
-0.46
-0.47
-0.5
-0.55
-0.55
-0.54
-0.53
-0.52
-0.515
-0.53
-0.535
-0.54
-0.535
-0.55
-0.55
-0.555
-0.555
-0.55
-0.54
-0.54
-0.55
-0.57
-0.58
-0.575
-0.565
-0.575
-0.58
-0.58
-0.565
-0.53
-0.495
-0.495
-0.5
-0.515
-0.515
-0.47
-0.44
-0.42
-0.435
-0.44
-0.45
-0.445
-0.455
-0.465
-0.485
-0.49
-0.47
-0.44
-0.425
-0.41
-0.425
-0.43
-0.435
-0.44
-0.445
-0.43
-0.44
-0.47
-0.495
-0.51
-0.535
-0.59
-0.615
-0.62
-0.585
-0.545
-0.51
-0.485
-0.42
-0.37
-0.36
-0.355
-0.33
-0.325
-0.3
-0.21
-0.065
0.12
0.315
0.41
0.425
0.375
0.31
0.215
0.075
-0.065
-0.19
-0.27
-0.31
-0.32
-0.325
-0.335
-0.365
-0.38
-0.4
-0.375
-0.345
-0.335
-0.315
-0.335
-0.33
-0.32
-0.325
-0.34
-0.375
-0.375
-0.375
-0.345
-0.315
-0.31
-0.33
-0.35
-0.39
-0.395
-0.37
-0.325
-0.305
-0.29
-0.285
-0.295
-0.295
-0.285
-0.265
-0.27
-0.285
-0.27
-0.255
-0.255
-0.27
-0.275
-0.275
-0.255
-0.25
-0.255
-0.26
-0.25
-0.245
-0.235
-0.215
-0.215
-0.215
-0.215
-0.185
-0.16
-0.135
-0.12
-0.105
-0.145
-0.15
-0.145
-0.135
-0.115
-0.115
-0.12
-0.11
-0.095
-0.1
-0.095
-0.11
-0.13
-0.145
-0.125
-0.095
-0.075
-0.06
-0.05
-0.05
-0.06
-0.05
-0.065
-0.075
-0.085
-0.09
-0.085
-0.085
-0.09
-0.105
-0.115
-0.13
-0.135
-0.14
-0.17
-0.185
-0.165
-0.145
-0.15
-0.17
-0.21
-0.215
-0.245
-0.265
-0.245
-0.23
-0.23
-0.255
-0.265
-0.3
-0.305
-0.315
-0.31
-0.33
-0.355
-0.36
-0.335
-0.3
-0.29
-0.305
-0.32
-0.335
-0.345
-0.34
-0.355
-0.365
-0.35
-0.36
-0.35
-0.35
-0.36
-0.375
-0.38
-0.395
-0.37
-0.365
-0.325
-0.325
-0.335
-0.33
-0.335
-0.345
-0.38
-0.375
-0.385
-0.395
-0.375
-0.37
-0.37
-0.375
-0.39
-0.42
-0.42
-0.425
-0.4
-0.41
-0.415
-0.425
-0.425
-0.415
-0.4
-0.41
-0.445
-0.465
-0.465
-0.455
-0.425
-0.415
-0.4
-0.415
-0.415
-0.42
-0.415
-0.42
-0.425
-0.415
-0.41
-0.4
-0.405
-0.405
-0.425
-0.44
-0.425
-0.43
-0.395
-0.4
-0.41
-0.385
-0.37
-0.36
-0.33
-0.33
-0.34
-0.335
-0.29
-0.25
-0.245
-0.255
-0.265
-0.275
-0.27
-0.28
-0.29
-0.29
-0.295
-0.315
-0.305
-0.295
-0.315
-0.335
-0.37
-0.41
-0.425
-0.42
-0.415
-0.41
-0.415
-0.41
-0.395
-0.39
-0.41
-0.43
-0.445
-0.46
-0.45
-0.435
-0.425
-0.425
-0.45
-0.46
-0.45
-0.455
-0.46
-0.485
-0.5
-0.495
-0.47
-0.48
-0.475
-0.495
-0.495
-0.495
-0.49
-0.495
-0.515
-0.535
-0.53
-0.525
-0.5
-0.47
-0.44
-0.41
-0.39
-0.37
-0.355
-0.375
-0.37
-0.375
-0.36
-0.35
-0.34
-0.33
-0.34
-0.35
-0.365
-0.37
-0.355
-0.34
-0.33
-0.315
-0.325
-0.33
-0.305
-0.29
-0.29
-0.29
-0.305
-0.31
-0.31
-0.33
-0.365
-0.42
-0.46
-0.5
-0.52
-0.505
-0.46
-0.41
-0.38
-0.325
-0.27
-0.25
-0.235
-0.22
-0.21
-0.185
-0.095
0.045
0.245
0.44
0.555
0.57
0.53
0.46
0.365
0.25
0.09
-0.04
-0.125
-0.165
-0.195
-0.225
-0.23
-0.245
-0.24
-0.22
-0.195
-0.18
-0.205
-0.235
-0.24
-0.25
-0.26
-0.27
-0.265
-0.245
-0.215
-0.215
-0.185
-0.19
-0.195
-0.205
-0.205
-0.185
-0.18
-0.195
-0.19
-0.195
-0.205
-0.19
-0.195
-0.17
-0.17
-0.145
-0.14
-0.115
-0.115
-0.13
-0.15
-0.15
-0.165
-0.14
-0.14
-0.12
-0.11
-0.09
-0.085
-0.09
-0.105
-0.125
-0.135
-0.14
-0.14
-0.115
-0.105
-0.1
-0.09
-0.07
-0.05
-0.045
-0.01
-0.025
-0.025
-0.015
0.005
0.005
0.03
0.03
0.015
-0.005
-0.015
-0.005
0.01
0.035
0.065
0.085
0.08
0.06
0.045
0.035
0.035
0.045
0.065
0.07
0.08
0.085
0.055
0.045
0.045
0.04
0.035
0.01
0.01
0.02
0.03
0.03
0.02
-0.02
-0.055
-0.085
-0.075
-0.08
-0.075
-0.08
-0.08
-0.105
-0.12
-0.125
-0.14
-0.165
-0.185
-0.205
-0.195
-0.19
-0.205
-0.2
-0.2
-0.215
-0.23
-0.215
-0.225
-0.235
-0.245
-0.27
-0.26
-0.265
-0.26
-0.27
-0.275
-0.285
-0.27
-0.26
-0.25
-0.265
-0.28
-0.285
-0.3
-0.315
-0.32
-0.32
-0.33
-0.315
-0.285
-0.28
-0.28
-0.315
-0.335
-0.345
-0.33
-0.34
-0.35
-0.355
-0.375
-0.39
-0.385
-0.39
-0.385
-0.38
-0.365
-0.39
-0.39
-0.385
-0.38
-0.38
-0.395
-0.39
-0.385
-0.355
-0.355
-0.365
-0.39
-0.405
-0.4
-0.37
-0.345
-0.325
-0.33
-0.35
-0.35
-0.345
-0.33
-0.31
-0.31
-0.3
-0.275
-0.255
-0.23
-0.23
-0.23
-0.25
-0.26
-0.25
-0.235
-0.22
-0.235
-0.25
-0.285
-0.305
-0.33
-0.34
-0.35
-0.375
-0.38
-0.37
-0.38
-0.395
-0.42
-0.435
-0.435
-0.425
-0.42
-0.415
-0.425
-0.41
-0.42
-0.43
-0.445
-0.465
-0.47
-0.47
-0.46
-0.45
-0.46
-0.48
-0.475
-0.495
-0.495
-0.51
-0.495
-0.5
-0.505
-0.505
-0.505
-0.475
-0.46
-0.465
-0.455
-0.445
-0.43
-0.41
-0.41
-0.41
-0.43
-0.42
-0.405
-0.39
-0.36
-0.35
-0.365
-0.37
-0.36
-0.355
-0.35
-0.37
-0.375
-0.365
-0.36
-0.355
-0.355
-0.36
-0.38
-0.39
-0.405
-0.415
-0.44
-0.495
-0.515
-0.535
-0.505
-0.49
-0.46
-0.44
-0.435
-0.425
-0.395
-0.34
-0.275
-0.23
-0.195
-0.11
0.065
0.305
0.42
0.42
0.35
0.23
0.11
-0.015
-0.1
-0.165
-0.21
-0.24
-0.245
-0.23
-0.235
-0.26
-0.275
-0.29
-0.285
-0.28
-0.27
-0.265
-0.265
-0.27
-0.265
-0.25
-0.26
-0.265
-0.265
-0.275
-0.26
-0.235
-0.22
-0.205
-0.215
-0.215
-0.23
-0.2
-0.2
-0.205
-0.195
-0.21
-0.19
-0.17
-0.17
-0.185
-0.195
-0.2
-0.18
-0.15
-0.125
-0.12
-0.12
-0.1
-0.09
-0.085
-0.09
-0.09
-0.09
-0.095
-0.075
-0.07
-0.065
-0.06
-0.06
-0.055
-0.045
-0.02
-0.01
0.005
-0.01
-0.01
0
0.03
0.045
0.04
0.02
0.025
0.035
0.04
0.075
0.06
0.065
0.045
0.035
0.04
0.06
0.05
0.065
0.05
0.055
0.06
0.055
0.06
0.035
0.015
0.025
0.045
0.035
0.035
0.03
0.01
-0.005
-0.02
-0.025
-0.04
-0.04
-0.06
-0.06
-0.07
-0.095
-0.1
-0.12
-0.155
-0.145
-0.135
-0.125
-0.14
-0.15
-0.16
-0.19
-0.175
-0.175
-0.18
-0.185
-0.2
-0.205
-0.225
-0.215
-0.22
-0.24
-0.26
-0.27
-0.245
-0.235
-0.24
-0.235
-0.255
-0.235
-0.24
-0.255
-0.265
-0.295
-0.305
-0.285
-0.255
-0.27
-0.275
-0.3
-0.315
-0.33
-0.345
-0.35
-0.34
-0.34
-0.335
-0.325
-0.315
-0.315
-0.335
-0.35
-0.355
-0.35
-0.34
-0.35
-0.35
-0.365
-0.375
-0.38
-0.36
-0.365
-0.365
-0.375
-0.385
-0.365
-0.345
-0.34
-0.36
-0.365
-0.38
-0.37
-0.38
-0.36
-0.35
-0.365
-0.385
-0.39
-0.39
-0.395
-0.38
-0.37
-0.365
-0.345
-0.31
-0.3
-0.29
-0.285
-0.285
-0.27
-0.25
-0.245
-0.235
-0.25
-0.26
-0.25
-0.24
-0.245
-0.245
-0.275
-0.265
-0.27
-0.285
-0.3
-0.325
-0.365
-0.39
-0.385
-0.36
-0.37
-0.385
-0.415
-0.42
-0.42
-0.405
-0.415
-0.43
-0.43
-0.455
-0.455
-0.455
-0.43
-0.425
-0.435
-0.455
-0.475
-0.47
-0.48
-0.48
-0.48
-0.49
-0.48
-0.455
-0.45
-0.47
-0.505
-0.52
-0.51
-0.485
-0.445
-0.44
-0.44
-0.445
-0.415
-0.405
-0.395
-0.395
-0.375
-0.38
-0.385
-0.385
-0.38
-0.385
-0.38
-0.385
-0.375
-0.345
-0.32
-0.325
-0.35
-0.365
-0.36
-0.36
-0.34
-0.36
-0.36
-0.395
-0.41
-0.435
-0.46
-0.515
-0.545
-0.505
-0.465
-0.405
-0.39
-0.35
-0.305
-0.265
-0.24
-0.22
-0.18
-0.115
0.03
0.21
0.365
0.43
0.405
0.345
0.23
0.085
-0.02
-0.11
-0.165
-0.22
-0.27
-0.295
-0.32
-0.31
-0.295
-0.295
-0.285
-0.285
-0.275
-0.265
-0.255
-0.28
-0.285
-0.285
-0.245
-0.22
-0.235
-0.25
-0.255
-0.225
-0.205
-0.18
-0.16
-0.155
-0.18
-0.205
-0.215
-0.23
-0.235
-0.245
-0.24
-0.21
-0.195
-0.17
-0.165
-0.165
-0.155
-0.18
-0.175
-0.155
-0.145
-0.125
-0.125
-0.125
-0.115
-0.11
-0.125
-0.115
-0.115
-0.08
-0.05
-0.025
-0.005
-0.035
-0.04
-0.055
-0.06
-0.04
-0.025
-0.02
-0.01
-0.02
-0.02
-0.015
-0.005
-0.01
-0.01
-0.005
0.015
0.035
0.06
0.05
0.025
0.025
0.02
0.025
0.025
0.035
0.03
0.02
0.01
0.01
0.01
0
-0.015
-0.04
-0.04
-0.01
-0.015
-0.015
-0.03
-0.06
-0.08
-0.095
-0.095
-0.095
-0.11
-0.12
-0.115
-0.125
-0.135
-0.17
-0.2
-0.225
-0.245
-0.235
-0.23
-0.23
-0.25
-0.255
-0.265
-0.255
-0.25
-0.23
-0.255
-0.26
-0.255
-0.255
-0.29
-0.295
-0.295
-0.31
-0.285
-0.255
-0.25
-0.255
-0.275
-0.28
-0.285
-0.285
-0.295
-0.305
-0.32
-0.315
-0.3
-0.28
-0.295
-0.305
-0.345
-0.355
-0.345
-0.335
-0.325
-0.33
-0.35
-0.36
-0.36
-0.37
-0.37
-0.38
-0.385
-0.405
-0.385
-0.375
-0.365
-0.38
-0.4
-0.4
-0.41
-0.405
-0.37
-0.355
-0.355
-0.355
-0.355
-0.375
-0.37
-0.38
-0.395
-0.4
-0.38
-0.365
-0.325
-0.335
-0.34
-0.345
-0.32
-0.305
-0.285
-0.26
-0.235
-0.225
-0.21
-0.2
-0.195
-0.22
-0.245
-0.265
-0.255
-0.225
-0.185
-0.19
-0.205
-0.24
-0.285
-0.32
-0.355
-0.355
-0.345
-0.345
-0.335
-0.36
-0.365
-0.395
-0.425
-0.415
-0.4
-0.37
-0.35
-0.35
-0.365
-0.39
-0.41
-0.425
-0.42
-0.435
-0.46
-0.45
-0.46
-0.455
-0.445
-0.465
-0.475
-0.485
-0.46
-0.43
-0.435
-0.475
-0.49
-0.515
-0.5
-0.465
-0.43
-0.41
-0.405
-0.38
-0.37
-0.355
-0.365
-0.39
-0.415
-0.41
-0.4
-0.385
-0.36
-0.355
-0.335
-0.335
-0.3
-0.28
-0.275
-0.295
-0.32
-0.335
-0.33
-0.3
-0.285
-0.28
-0.305
-0.355
-0.345
-0.365
-0.395
-0.435
-0.46
-0.47
-0.45
-0.4
-0.36
-0.32
-0.285
-0.25
-0.185
-0.165
-0.14
-0.085
0.04
0.215
0.42
0.535
0.545
0.47
0.38
0.29
0.15
0.005
-0.09
-0.155
-0.21
-0.23
-0.23
-0.235
-0.215
-0.24
-0.25
-0.26
-0.255
-0.24
-0.215
-0.195
-0.19
-0.175
-0.195
-0.2
-0.2
-0.2
-0.195
-0.21
-0.215
-0.21
-0.205
-0.19
-0.2
-0.22
-0.2
-0.18
-0.16
-0.155
-0.165
-0.16
-0.165
-0.175
-0.17
-0.155
-0.16
-0.145
-0.14
-0.115
-0.115
-0.13
-0.14
-0.11
-0.1
-0.075
-0.045
-0.05
-0.045
-0.065
-0.075
-0.07
-0.065
-0.065
-0.06
-0.03
-0.015
0.005
0.015
0.01
-0.005
-0.03
-0.005
0.01
0.035
0.045
0.06
0.05
0.03
0.015
0.03
0.035
0.065
0.08
0.07
0.065
0.045
0.04
0.035
0.035
0.04
0.06
0.06
0.04
0.01
-0.015
-0.04
-0.065
-0.065
-0.05
-0.06
-0.095
-0.115
-0.125
-0.14
-0.165
-0.195
-0.19
-0.195
-0.19
-0.21
-0.245
-0.255
-0.245
-0.235
-0.225
-0.225
-0.245
-0.25
-0.24
-0.235
-0.245
-0.265
-0.27
-0.235
-0.225
-0.22
-0.235
-0.235
-0.26
-0.27
-0.29
-0.285
-0.255
-0.265
-0.26
-0.275
-0.305
-0.325
-0.32
-0.305
-0.285
-0.3
-0.31
-0.315
-0.31
-0.305
-0.325
-0.355
-0.355
-0.37
-0.35
-0.345
-0.37
-0.37
-0.375
-0.38
-0.375
-0.37
-0.355
-0.36
-0.37
-0.365
-0.385
-0.405
-0.415
-0.39
-0.365
-0.355
-0.37
-0.37
-0.36
-0.34
-0.29
-0.22
-0.195
-0.205
-0.22
-0.24
-0.215
-0.205
-0.19
-0.17
-0.17
-0.19
-0.235
-0.255
-0.26
-0.25
-0.245
-0.245
-0.26
-0.29
-0.325
-0.345
-0.335
-0.345
-0.36
-0.355
-0.345
-0.335
-0.355
-0.39
-0.405
-0.405
-0.39
-0.375
-0.36
-0.38
-0.395
-0.405
-0.395
-0.4
-0.425
-0.455
-0.475
-0.46
-0.45
-0.445
-0.445
-0.465
-0.475
-0.465
-0.43
-0.39
-0.37
-0.37
-0.365
-0.37
-0.375
-0.345
-0.35
-0.36
-0.375
-0.375
-0.335
-0.33
-0.345
-0.335
-0.36
-0.33
-0.285
-0.245
-0.23
-0.255
-0.29
-0.295
-0.3
-0.31
-0.32
-0.33
-0.37
-0.41
-0.45
-0.475
-0.48
-0.47
-0.435
-0.375
-0.325
-0.285
-0.265
-0.245
-0.23
-0.21
-0.115
0.07
0.305
0.5
0.53
0.44
0.35
0.265
0.115
-0.015
-0.11
-0.16
-0.205
-0.22
-0.21
-0.2
-0.19
-0.17
-0.165
-0.16
-0.145
-0.16
-0.185
-0.185
-0.19
-0.175
-0.17
-0.16
-0.17
-0.165
-0.175
-0.17
-0.175
-0.14
-0.12
-0.11
-0.09
-0.095
-0.115
-0.115
-0.115
-0.105
-0.095
-0.065
-0.065
-0.075
-0.09
-0.1
-0.105
-0.11
-0.11
-0.095
-0.08
-0.065
-0.03
0.01
-0.01
-0.045
-0.07
-0.05
-0.02
0.04
0.05
0.035
0.015
0.025
0.045
0.055
0.055
0.07
0.08
0.07
0.08
0.075
0.07
0.05
0.065
0.09
0.105
0.095
0.08
0.08
0.09
0.13
0.155
0.14
0.115
0.11
0.085
0.09
0.12
0.145
0.14
0.105
0.085
0.075
0.085
0.1
0.095
0.065
0.005
-0.005
-0.02
-0.03
-0.04
-0.07
-0.08
-0.065
-0.065
-0.075
-0.09
-0.105
-0.13
-0.115
-0.105
-0.125
-0.125
-0.135
-0.16
-0.18
-0.205
-0.23
-0.235
-0.215
-0.185
-0.185
-0.17
-0.195
-0.19
-0.215
-0.24
-0.235
-0.23
-0.225
-0.23
-0.255
-0.265
-0.25
-0.225
-0.215
-0.23
-0.27
-0.28
-0.27
-0.245
-0.245
-0.27
-0.275
-0.29
-0.315
-0.31
-0.315
-0.32
-0.32
-0.335
-0.325
-0.32
-0.305
-0.31
-0.335
-0.375
-0.34
-0.315
-0.31
-0.3
-0.305
-0.325
-0.315
-0.325
-0.33
-0.33
-0.345
-0.35
-0.34
-0.335
-0.34
-0.35
-0.335
-0.325
-0.315
-0.315
-0.29
-0.27
-0.255
-0.245
-0.235
-0.2
-0.175
-0.2
-0.22
-0.215
-0.2
-0.18
-0.18
-0.195
-0.2
-0.23
-0.25
-0.26
-0.25
-0.265
-0.285
-0.31
-0.305
-0.3
-0.285
-0.285
-0.28
-0.295
-0.3
-0.285
-0.305
-0.34
-0.37
-0.365
-0.355
-0.36
-0.38
-0.4
-0.395
-0.405
-0.395
-0.395
-0.385
-0.395
-0.41
-0.45
-0.44
-0.42
-0.415
-0.42
-0.43
-0.44
-0.445
-0.43
-0.415
-0.395
-0.375
-0.365
-0.35
-0.34
-0.325
-0.32
-0.325
-0.355
-0.38
-0.35
-0.31
-0.28
-0.27
-0.305
-0.31
-0.285
-0.27
-0.27
-0.29
-0.345
-0.345
-0.31
-0.29
-0.31
-0.335
-0.35
-0.38
-0.41
-0.455
-0.49
-0.5
-0.485
-0.445
-0.39
-0.32
-0.25
-0.21
-0.22
-0.225
-0.205
-0.14
-0.01
0.19
0.38
0.485
0.49
0.445
0.405
0.295
0.13
-0.01
-0.1
-0.175
-0.22
-0.25
-0.255
-0.25
-0.235
-0.205
-0.215
-0.22
-0.245
-0.255
-0.255
-0.235
-0.22
-0.22
-0.245
-0.23
-0.23
-0.225
-0.23
-0.23
-0.24
-0.225
-0.2
-0.19
-0.185
-0.2
-0.21
-0.21
-0.195
-0.16
-0.135
-0.15
-0.165
-0.185
-0.185
-0.165
-0.16
-0.16
-0.16
-0.135
-0.1
-0.085
-0.065
-0.075
-0.12
-0.125
-0.12
-0.1
-0.105
-0.09
-0.085
-0.07
-0.055
-0.045
-0.055
-0.06
-0.045
-0.035
-0.005
0.015
0.02
0.015
-0.015
-0.015
-0.02
0
0.035
0.02
0.01
0.025
0.02
0.015
0.01
0
0
0.005
0.025
0.055
0.045
0.035
-0.015
-0.005
0.005
0.01
-0.005
-0.015
-0.03
-0.045
-0.065
-0.09
-0.1
-0.11
-0.12
-0.125
-0.13
-0.135
-0.14
-0.155
-0.17
-0.205
-0.23
-0.21
-0.21
-0.195
-0.21
-0.22
-0.245
-0.26
-0.28
-0.285
-0.295
-0.26
-0.26
-0.255
-0.255
-0.265
-0.285
-0.29
-0.275
-0.26
-0.265
-0.285
-0.305
-0.305
-0.28
-0.265
-0.275
-0.3
-0.305
-0.29
-0.265
-0.27
-0.28
-0.29
-0.295
-0.28
-0.285
-0.275
-0.29
-0.31
-0.355
-0.385
-0.4
-0.395
-0.41
-0.395
-0.405
-0.395
-0.405
-0.41
-0.415
-0.415
-0.385
-0.315
-0.24
-0.165
-0.13
-0.175
-0.295
-0.41
-0.495
-0.505
-0.495
-0.45
-0.37
-0.27
-0.245
-0.275
-0.29
-0.33
-0.335
-0.355
-0.35
-0.325
-0.305
-0.28
-0.24
-0.19
-0.13
-0.105
-0.095
-0.105
-0.125
-0.14
-0.16
-0.19
-0.195
-0.185
-0.21
-0.255
-0.305
-0.305
-0.295
-0.31
-0.345
-0.395
-0.44
-0.49
-0.56
-0.585
-0.635
-0.61
-0.59
-0.545
-0.535
-0.535
-0.52
-0.51
-0.485
-0.46
-0.44
-0.45
-0.45
-0.435
-0.405
-0.385
-0.39
-0.37
-0.365
-0.355
-0.355
-0.385
-0.45
-0.515
-0.56
-0.565
-0.55
-0.52
-0.525
-0.555
-0.58
-0.56
-0.535
-0.495
-0.45
-0.41
-0.395
-0.355
-0.335
-0.315
-0.33
-0.355
-0.365
-0.36
-0.36
-0.345
-0.325
-0.285
-0.23
-0.16
-0.13
-0.12
-0.16
-0.24
-0.315
-0.4
-0.46
-0.53
-0.59
-0.63
-0.615
-0.55
-0.46
-0.435
-0.44
-0.46
-0.49
-0.485
-0.475
-0.455
-0.46
-0.365
-0.195
0.04
0.265
0.385
0.385
0.345
0.3
0.235
0.16
0.13
0.11
0.08
0.025
-0.04
-0.07
-0.095
-0.09
-0.12
-0.13
-0.125
-0.12
-0.125
-0.12
-0.16
-0.225
-0.275
-0.33
-0.39
-0.39
-0.395
-0.39
-0.37
-0.32
-0.305
-0.24
-0.24
-0.25
-0.255
-0.24
-0.23
-0.23
-0.21
-0.185
-0.15
-0.135
-0.11
-0.115
-0.14
-0.175
-0.185
-0.175
-0.155
-0.14
-0.14
-0.135
-0.125
-0.095
-0.085
-0.09
-0.095
-0.105
-0.09
-0.07
-0.045
-0.035
-0.025
-0.045
-0.055
-0.05
-0.015
0.02
0.035
0.045
0.035
0.03
0.025
0.025
0.025
0.03
0.02
0.03
0.035
0.04
0.015
0.02
0.025
0.06
0.08
0.085
0.11
0.11
0.11
0.115
0.115
0.11
0.12
0.12
0.1
0.085
0.095
0.09
0.095
0.095
0.105
0.115
0.125
0.105
0.11
0.105
0.125
0.125
0.115
0.08
0.065
0.035
0.03
0.035
0.035
0.03
0.025
0.02
0.02
0.01
0.02
-0.015
-0.02
-0.055
-0.085
-0.09
-0.09
-0.095
-0.09
-0.075
-0.05
-0.03
-0.03
-0.065
-0.09
-0.1
-0.1
-0.085
-0.075
-0.08
-0.09
-0.105
-0.12
-0.1
-0.095
-0.095
-0.11
-0.135
-0.135
-0.115
-0.115
-0.12
-0.13
-0.155
-0.14
-0.14
-0.115
-0.135
-0.15
-0.13
-0.115
-0.095
-0.09
-0.1
-0.105
-0.105
-0.125
-0.12
-0.13
-0.16
-0.155
-0.16
-0.185
-0.16
-0.145
-0.14
-0.155
-0.16
-0.175
-0.175
-0.15
-0.165
-0.165
-0.165
-0.17
-0.165
-0.15
-0.14
-0.14
-0.15
-0.155
-0.145
-0.15
-0.17
-0.18
-0.15
-0.135
-0.115
-0.1
-0.11
-0.135
-0.14
-0.15
-0.15
-0.14
-0.165
-0.185
-0.16
-0.145
-0.105
-0.095
-0.1
-0.105
-0.095
-0.105
-0.09
-0.05
-0.05
-0.045
-0.04
-0.04
-0.015
0.015
0.01
0.01
-0.005
-0.02
-0.005
0.01
0.015
0.005
-0.02
-0.04
-0.04
-0.02
-0.03
-0.065
-0.09
-0.115
-0.11
-0.1
-0.105
-0.125
-0.135
-0.15
-0.14
-0.125
-0.125
-0.15
-0.15
-0.17
-0.17
-0.145
-0.16
-0.17
-0.175
-0.195
-0.205
-0.205
-0.215
-0.225
-0.24
-0.23
-0.2
-0.195
-0.19
-0.2
-0.215
-0.235
-0.23
-0.21
-0.22
-0.225
-0.24
-0.255
-0.245
-0.23
-0.22
-0.215
-0.22
-0.21
-0.19
-0.145
-0.125
-0.125
-0.135
-0.15
-0.125
-0.105
-0.105
-0.095
-0.105
-0.105
-0.09
-0.07
-0.07
-0.07
-0.065
-0.085
-0.065
-0.055
-0.055
-0.05
-0.045
-0.04
-0.025
-0.02
-0.04
-0.04
-0.06
-0.055
-0.07
-0.065
-0.085
-0.11
-0.14
-0.18
-0.21
-0.21
-0.235
-0.23
-0.215
-0.19
-0.15
-0.115
-0.075
-0.055
-0.03
-0.02
-0.015
-0.005
0.015
0.045
0.115
0.245
0.425
0.58
0.66
0.665
0.64
0.595
0.55
0.465
0.355
0.23
0.135
0.085
0.035
-0.01
-0.055
-0.075
-0.07
-0.08
-0.065
-0.06
-0.075
-0.09
-0.085
-0.11
-0.095
-0.09
-0.095
-0.1
-0.1
-0.11
-0.09
-0.105
-0.085
-0.09
-0.1
-0.11
-0.115
-0.08
-0.08
-0.095
-0.095
-0.095
-0.095
-0.08
-0.095
-0.125
-0.11
-0.115
-0.095
-0.08
-0.075
-0.075
-0.095
-0.11
-0.095
-0.065
-0.065
-0.055
-0.055
-0.055
-0.055
-0.03
-0.035
-0.05
-0.04
-0.07
-0.065
-0.06
-0.06
-0.065
-0.05
-0.05
-0.01
0.015
0
-0.005
-0.015
-0.005
0.005
0.04
0.055
0.03
0.035
0.03
0.055
0.085
0.085
0.085
0.07
0.04
0.055
0.065
0.065
0.07
0.075
0.095
0.105
0.135
0.13
0.14
0.115
0.105
0.09
0.11
0.105
0.1
0.1
0.115
0.14
0.15
0.14
0.105
0.1
0.115
0.12
0.125
0.135
0.14
0.11
0.1
0.095
0.09
0.055
0.04
0.02
0.02
0.035
0.045
0.03
0.01
-0.02
-0.03
-0.05
-0.045
-0.04
-0.05
-0.055
-0.075
-0.07
-0.04
-0.05
-0.07
-0.08
-0.085
-0.095
-0.095
-0.105
-0.11
-0.125
-0.115
-0.1
-0.08
-0.105
-0.14
-0.16
-0.155
-0.125
-0.07
-0.04
-0.055
-0.05
-0.06
-0.055
0
0.075
0.185
0.3
0.385
0.435
0.405
0.295
0.135
-0.025
-0.175
-0.225
-0.24
-0.24
-0.265
-0.32
-0.345
-0.415
-0.445
-0.48
-0.52
-0.55
-0.56
-0.56
-0.525
-0.49
-0.475
-0.455
-0.435
-0.38
-0.345
-0.32
-0.3
-0.305
-0.31
-0.3
-0.285
-0.28
-0.28
-0.27
-0.23
-0.21
-0.185
-0.185
-0.18
-0.19
-0.195
-0.2
-0.195
-0.195
-0.2
-0.235
-0.265
-0.3
-0.315
-0.345
-0.39
-0.43
-0.43
-0.42
-0.38
-0.35
-0.335
-0.315
-0.295
-0.285
-0.235
-0.235
-0.215
-0.235
-0.235
-0.23
-0.22
-0.215
-0.2
-0.185
-0.16
-0.145
-0.145
-0.165
-0.19
-0.225
-0.245
-0.23
-0.225
-0.23
-0.245
-0.245
-0.255
-0.265
-0.285
-0.285
-0.31
-0.325
-0.33
-0.305
-0.305
-0.31
-0.33
-0.36
-0.39
-0.385
-0.375
-0.35
-0.335
-0.345
-0.36
-0.365
-0.375
-0.385
-0.395
-0.39
-0.385
-0.36
-0.345
-0.345
-0.36
-0.365
-0.365
-0.37
-0.39
-0.4
-0.41
-0.415
-0.405
-0.375
-0.345
-0.335
-0.32
-0.315
-0.315
-0.315
-0.295
-0.275
-0.27
-0.295
-0.29
-0.265
-0.245
-0.225
-0.24
-0.265
-0.26
-0.26
-0.235
-0.22
-0.23
-0.23
-0.225
-0.235
-0.23
-0.26
-0.27
-0.265
-0.275
-0.24
-0.23
-0.225
-0.265
-0.295
-0.325
-0.345
-0.365
-0.395
-0.4
-0.395
-0.385
-0.345
-0.305
-0.26
-0.25
-0.25
-0.265
-0.255
-0.205
-0.135
-0.015
0.14
0.315
0.44
0.52
0.495
0.46
0.415
0.41
0.355
0.25
0.145
0.065
0
-0.04
-0.065
-0.09
-0.1
-0.115
-0.14
-0.14
-0.115
-0.085
-0.09
-0.105
-0.145
-0.16
-0.12
-0.09
-0.09
-0.085
-0.1
-0.1
-0.08
-0.06
-0.065
-0.075
-0.09
-0.09
-0.06
-0.05
-0.04
-0.04
-0.04
-0.035
-0.03
-0.025
-0.005
0
0.005
0.01
0.015
0.03
0.03
0.03
0.02
0.025
0.03
0.025
0.05
0.04
0.035
0.04
0.06
0.075
0.06
0.065
0.08
0.09
0.105
0.13
0.125
0.135
0.115
0.12
0.14
0.16
0.175
0.165
0.165
0.165
0.175
0.19
0.185
0.175
0.175
0.175
0.19
0.21
0.23
0.24
0.2
0.19
0.185
0.215
0.24
0.235
0.22
0.205
0.215
0.24
0.215
0.16
0.14
0.11
0.115
0.145
0.16
0.18
0.18
0.15
0.14
0.125
0.095
0.075
0.09
0.1
0.105
0.095
0.085
0.08
0.075
0.05
0.02
0.005
-0.02
-0.035
-0.035
-0.03
-0.005
0.01
0.015
-0.01
-0.03
-0.05
-0.05
-0.085
-0.09
-0.085
-0.08
-0.055
-0.025
-0.035
-0.08
-0.085
-0.09
-0.095
-0.09
-0.085
-0.06
-0.06
-0.075
-0.09
-0.11
-0.12
-0.115
-0.11
-0.105
-0.105
-0.105
-0.125
-0.13
-0.16
-0.145
-0.13
-0.12
-0.115
-0.105
-0.11
-0.135
-0.16
-0.14
-0.16
-0.165
-0.195
-0.2
-0.215
-0.19
-0.17
-0.185
-0.205
-0.2
-0.185
-0.18
-0.17
-0.15
-0.13
-0.12
-0.13
-0.14
-0.12
-0.13
-0.165
-0.19
-0.21
-0.2
-0.17
-0.145
-0.13
-0.13
-0.125
-0.105
-0.07
-0.075
-0.075
-0.08
-0.065
-0.03
0.015
0
-0.005
-0.03
-0.03
-0.015
0
0.005
-0.015
-0.035
-0.04
-0.055
-0.08
-0.09
-0.115
-0.145
-0.18
-0.195
-0.2
-0.195
-0.195
-0.21
-0.21
-0.185
-0.19
-0.205
-0.22
-0.205
-0.205
-0.2
-0.21
-0.245
-0.24
-0.26
-0.27
-0.26
-0.265
-0.265
-0.26
-0.275
-0.265
-0.255
-0.245
-0.26
-0.27
-0.27
-0.285
-0.27
-0.24
-0.225
-0.225
-0.235
-0.21
-0.175
-0.125
-0.06
-0.005
0.03
0
-0.025
-0.04
-0.04
0.005
0.05
0.13
0.205
0.21
0.135
0.035
-0.085
-0.165
-0.18
-0.16
-0.105
-0.08
-0.08
-0.095
-0.105
-0.145
-0.205
-0.285
-0.335
-0.365
-0.39
-0.405
-0.385
-0.35
-0.3
-0.27
-0.225
-0.15
-0.055
0.055
0.12
0.205
0.27
0.29
0.275
0.25
0.305
0.435
0.54
0.55
0.45
0.32
0.165
0.02
-0.09
-0.15
-0.175
-0.21
-0.235
-0.235
-0.21
-0.19
-0.165
-0.145
-0.135
-0.115
-0.105
-0.12
-0.12
-0.115
-0.115
-0.115
-0.09
-0.085
-0.1
-0.12
-0.13
-0.14
-0.105
-0.055
-0.02
-0.03
-0.065
-0.085
-0.075
-0.06
-0.035
-0.03
-0.04
-0.045
-0.04
-0.035
-0.01
0.02
0.02
0.04
0.045
0.065
0.06
0.055
0.03
0.02
0.035
0.045
0.05
0.04
0.03
0.05
0.08
0.1
0.13
0.125
0.135
0.125
0.12
0.135
0.17
0.18
0.19
0.18
0.185
0.195
0.175
0.185
0.19
0.2
0.225
0.255
0.28
0.255
0.235
0.205
0.21
0.2
0.215
0.205
0.21
0.21
0.235
0.25
0.265
0.255
0.24
0.24
0.235
0.235
0.2
0.185
0.15
0.135
0.14
0.14
0.13
0.1
0.085
0.06
0.04
0.03
0.03
0.025
-0.005
-0.015
-0.015
0.005
-0.005
-0.01
-0.035
-0.045
-0.055
-0.05
-0.065
-0.065
-0.06
-0.05
-0.035
-0.045
-0.06
-0.085
-0.11
-0.1
-0.08
-0.065
-0.055
-0.055
-0.08
-0.075
-0.08
-0.065
-0.06
-0.04
-0.05
-0.06
-0.065
-0.07
-0.09
-0.1
-0.115
-0.115
-0.115
-0.085
-0.085
-0.085
-0.1
-0.115
-0.11
-0.095
-0.08
-0.065
-0.07
-0.09
-0.1
-0.1
-0.09
-0.08
-0.095
-0.095
-0.08
-0.075
-0.07
-0.085
-0.105
-0.08
-0.045
-0.02
-0.005
-0.005
-0.035
-0.07
-0.075
-0.055
-0.015
-0.005
-0.02
-0.035
-0.045
-0.08
-0.085
-0.085
-0.045
0.015
0.09
0.21
0.335
0.47
0.575
0.64
0.75
0.925
1.125
1.31
1.435
1.55
1.675
1.78
1.855
1.915
2
2.13
2.26
2.34
2.39
2.415
2.4
2.345
2.22
2.045
1.775
1.46
1.12
0.795
0.49
0.23
0.015
-0.11
-0.18
-0.285
-0.385
-0.445
-0.48
-0.485
-0.515
-0.53
-0.52
-0.49
-0.455
-0.48
-0.475
-0.48
-0.475
-0.475
-0.475
-0.47
-0.485
-0.48
-0.48
-0.485
-0.485
-0.51
-0.495
-0.48
-0.455
-0.47
-0.49
-0.515
-0.535
-0.505
-0.505
-0.505
-0.525
-0.53
-0.56
-0.59
-0.605
-0.6
-0.605
-0.605
-0.605
-0.635
-0.66
-0.68
-0.68
-0.67
-0.68
-0.66
-0.64
-0.63
-0.625
-0.625
-0.65
-0.665
-0.665
-0.645
-0.63
-0.63
-0.66
-0.665
-0.66
-0.635
-0.615
-0.59
-0.575
-0.565
-0.55
-0.52
-0.51
-0.52
-0.535
-0.535
-0.51
-0.5
-0.46
-0.44
-0.43
-0.41
-0.38
-0.37
-0.35
-0.35
-0.345
-0.345
-0.355
-0.34
-0.34
-0.335
-0.305
-0.28
-0.235
-0.215
-0.2
-0.22
-0.215
-0.24
-0.23
-0.225
-0.205
-0.165
-0.14
-0.145
-0.14
-0.15
-0.145
-0.145
-0.15
-0.16
-0.165
-0.165
-0.18
-0.185
-0.19
-0.225
-0.195
-0.17
-0.15
-0.14
-0.14
-0.16
-0.175
-0.175
-0.18
-0.2
-0.205
-0.185
-0.155
-0.125
-0.13
-0.15
-0.175
-0.185
-0.2
-0.18
-0.145
-0.145
-0.15
-0.16
-0.17
-0.16
-0.15
-0.15
-0.165
-0.165
-0.16
-0.14
-0.15
-0.185
-0.185
-0.17
-0.165
-0.125
-0.115
-0.095
-0.115
-0.13
-0.135
-0.145
-0.16
-0.125
-0.125
-0.12
-0.12
-0.095
-0.09
-0.095
-0.105
-0.125
-0.105
-0.09
-0.085
-0.095
-0.1
-0.115
-0.125
-0.13
-0.13
-0.135
-0.095
-0.095
-0.085
-0.085
-0.085
-0.105
-0.13
-0.13
-0.125
-0.11
-0.095
-0.095
-0.11
-0.1
-0.12
-0.12
-0.11
-0.09
-0.085
-0.085
-0.095
-0.095
-0.095
-0.1
-0.105
-0.11
-0.095
-0.065
-0.05
-0.05
-0.07
-0.095
-0.115
-0.125
-0.135
-0.145
-0.145
-0.125
-0.1
-0.09
-0.1
-0.115
-0.125
-0.12
-0.09
-0.07
-0.055
-0.04
-0.04
-0.04
-0.015
-0.015
-0.005
0.015
0.035
0.045
0.03
0.025
0.02
0.03
0.015
0.015
0.035
0.025
-0.01
-0.065
-0.11
-0.16
-0.17
-0.15
-0.15
-0.145
-0.165
-0.205
-0.185
-0.17
-0.165
-0.18
-0.205
-0.22
-0.205
-0.205
-0.195
-0.22
-0.235
-0.25
-0.245
-0.235
-0.235
-0.255
-0.27
-0.27
-0.27
-0.275
-0.245
-0.225
-0.23
-0.26
-0.275
-0.265
-0.26
-0.25
-0.235
-0.205
-0.165
-0.16
-0.185
-0.205
-0.235
-0.26
-0.265
-0.24
-0.185
-0.16
-0.155
-0.17
-0.155
-0.145
-0.125
-0.11
-0.11
-0.125
-0.125
-0.125
-0.15
-0.18
-0.23
-0.28
-0.33
-0.335
-0.3
-0.285
-0.27
-0.245
-0.2
-0.16
-0.15
-0.12
-0.085
0
0.185
0.415
0.585
0.63
0.545
0.445
0.315
0.19
0.075
-0.005
-0.07
-0.125
-0.145
-0.135
-0.105
-0.08
-0.07
-0.08
-0.095
-0.085
-0.075
-0.065
-0.06
-0.08
-0.06
-0.055
-0.07
-0.085
-0.08
-0.055
-0.02
0.015
0.025
0.025
0
-0.01
-0.01
-0.005
0.01
0.01
0.015
0.005
0.02
0.035
0.045
0.045
0.045
0.065
0.085
0.09
0.09
0.09
0.1
0.085
0.11
0.13
0.155
0.175
0.155
0.16
0.165
0.165
0.195
0.175
0.18
0.16
0.165
0.175
0.195
0.195
0.195
0.19
0.2
0.205
0.225
0.245
0.245
0.235
0.24
0.24
0.24
0.255
0.26
0.245
0.235
0.245
0.24
0.22
0.215
0.225
0.25
0.25
0.24
0.225
0.215
0.185
0.17
0.17
0.155
0.165
0.175
0.155
0.125
0.115
0.09
0.075
0.04
0.01
0.015
0.025
0.025
0
-0.01
-0.025
-0.02
-0.035
-0.035
-0.055
-0.07
-0.09
-0.09
-0.075
-0.055
-0.045
-0.065
-0.085
-0.095
-0.075
-0.08
-0.09
-0.095
-0.115
-0.12
-0.115
-0.105
-0.11
-0.135
-0.16
-0.175
-0.17
-0.165
-0.175
-0.18
-0.215
-0.195
-0.185
-0.18
-0.185
-0.225
-0.27
-0.25
-0.26
-0.255
-0.255
-0.265
-0.28
-0.27
-0.28
-0.305
-0.34
-0.35
-0.385
-0.42
-0.445
-0.46
-0.48
-0.475
-0.435
-0.34
-0.225
-0.09
0.02
0.1
0.17
0.27
0.415
0.6
0.805
0.965
1.14
1.31
1.465
1.585
1.705
1.77
1.84
1.94
2.045
2.155
2.215
2.27
2.29
2.28
2.235
2.135
1.935
1.69
1.4
1.075
0.735
0.425
0.16
-0.03
-0.18
-0.295
-0.4
-0.52
-0.595
-0.64
-0.685
-0.7
-0.71
-0.735
-0.74
-0.745
-0.75
-0.725
-0.725
-0.73
-0.76
-0.775
-0.815
-0.83
-0.825
-0.825
-0.825
-0.85
-0.875
-0.89
-0.885
-0.9
-0.94
-0.94
-0.92
-0.895
-0.875
-0.86
-0.86
-0.875
-0.895
-0.9
-0.915
-0.9
-0.89
-0.885
-0.9
-0.9
-0.92
-0.925
-0.955
-0.97
-0.985
-0.975
-0.955
-0.935
-0.93
-0.945
-0.97
-0.975
-0.965
-0.95
-0.955
-0.965
-0.97
-0.955
-0.955
-0.94
-0.965
-0.985
-0.995
-0.97
-0.955
-0.935
-0.94
-0.925
-0.945
-0.945
-0.91
-0.9
-0.89
-0.885
-0.895
-0.865
-0.835
-0.795
-0.81
-0.8
-0.82
-0.805
-0.79
-0.74
-0.705
-0.685
-0.7
-0.7
-0.7
-0.67
-0.63
-0.61
-0.6
-0.56
-0.54
-0.535
-0.54
-0.55
-0.565
-0.55
-0.51
-0.485
-0.48
-0.485
-0.47
-0.465
-0.465
-0.445
-0.435
-0.42
-0.42
-0.425
-0.41
-0.435
-0.42
-0.425
-0.44
-0.425
-0.405
-0.365
-0.365
-0.385
-0.385
-0.395
-0.395
-0.385
-0.375
-0.365
-0.37
-0.36
-0.365
-0.365
-0.375
-0.39
-0.385
-0.37
-0.35
-0.33
-0.33
-0.36
-0.37
-0.36
-0.355
-0.33
-0.315
-0.33
-0.34
-0.335
-0.335
-0.32
-0.32
-0.29
-0.28
-0.29
-0.315
-0.305
-0.33
-0.34
-0.345
-0.325
-0.29
-0.26
-0.285
-0.315
-0.335
-0.34
-0.335
-0.295
-0.28
-0.31
-0.315
-0.33
-0.31
-0.305
-0.305
-0.32
-0.305
-0.295
-0.285
-0.28
-0.29
-0.305
-0.335
-0.33
-0.31
-0.31
-0.27
-0.28
-0.295
-0.295
-0.31
-0.295
-0.29
-0.285
-0.295
-0.28
-0.27
-0.255
-0.26
-0.28
-0.32
-0.335
-0.32
-0.31
-0.29
-0.28
-0.28
-0.275
-0.275
-0.28
-0.295
-0.32
-0.32
-0.32
-0.285
-0.265
-0.26
-0.275
-0.295
-0.295
-0.28
-0.27
-0.275
-0.285
-0.285
-0.285
-0.275
-0.265
-0.26
-0.28
-0.28
-0.28
-0.275
-0.28
-0.275
-0.275
-0.285
-0.265
-0.245
-0.225
-0.21
-0.23
-0.26
-0.29
-0.295
-0.26
-0.255
-0.25
-0.255
-0.24
-0.23
-0.21
-0.205
-0.195
-0.185
-0.17
-0.125
-0.095
-0.105
-0.1
-0.13
-0.115
-0.13
-0.115
-0.125
-0.125
-0.15
-0.16
-0.15
-0.155
-0.17
-0.21
-0.25
-0.26
-0.26
-0.255
-0.285
-0.28
-0.3
-0.29
-0.31
-0.315
-0.345
-0.355
-0.35
-0.34
-0.315
-0.295
-0.28
-0.285
-0.305
-0.32
-0.335
-0.335
-0.335
-0.36
-0.37
-0.375
-0.36
-0.36
-0.36
-0.375
-0.375
-0.36
-0.355
-0.335
-0.33
-0.335
-0.325
-0.31
-0.285
-0.26
-0.255
-0.265
-0.275
-0.26
-0.26
-0.245
-0.245
-0.25
-0.265
-0.255
-0.245
-0.225
-0.21
-0.21
-0.215
-0.21
-0.21
-0.205
-0.215
-0.21
-0.215
-0.205
-0.18
-0.17
-0.19
-0.24
-0.305
-0.345
-0.35
-0.345
-0.33
-0.305
-0.275
-0.225
-0.19
-0.185
-0.17
-0.145
-0.14
-0.105
-0.04
0.06
0.2
0.37
0.51
0.57
0.55
0.505
0.445
0.345
0.2
0.105
0.03
-0.02
-0.07
-0.14
-0.145
-0.135
-0.105
-0.09
-0.07
-0.085
-0.1
-0.085
-0.09
-0.065
-0.07
-0.06
-0.08
-0.065
-0.075
-0.07
-0.085
-0.095
-0.095
-0.075
-0.04
-0.02
-0.005
-0.015
-0.025
-0.025
-0.035
-0.045
0
0.015
0.025
0.04
0.055
0.06
0.05
0.035
0.005
0.015
0.025
0.04
0.04
0.04
0.015
0.035
0.07
0.085
0.075
0.055
0.05
0.06
0.095
0.11
0.14
0.14
0.125
0.125
0.145
0.145
0.115
0.105
0.085
0.1
0.125
0.15
0.165
0.19
0.175
0.155
0.16
0.165
0.18
0.175
0.17
0.195
0.2
0.21
0.185
0.155
0.135
0.17
0.205
0.22
0.24
0.225
0.225
0.23
0.22
0.22
0.2
0.175
0.175
0.195
0.22
0.235
0.215
0.195
0.165
0.165
0.155
0.135
0.135
0.12
0.11
0.12
0.14
0.155
0.135
0.11
0.055
0.05
0.06
0.075
0.065
0.045
0.015
0.01
-0.02
-0.045
-0.06
-0.08
-0.105
-0.095
-0.08
-0.04
-0.04
-0.05
-0.09
-0.08
-0.075
-0.085
-0.1
-0.125
-0.13
-0.1
-0.105
-0.105
-0.115
-0.115
-0.14
-0.145
-0.135
-0.11
-0.09
-0.085
-0.085
-0.1
-0.095
-0.115
-0.145
-0.185
-0.22
-0.225
-0.22
-0.19
-0.18
-0.185
-0.21
-0.21
-0.19
-0.195
-0.195
-0.215
-0.24
-0.24
-0.225
-0.21
-0.22
-0.225
-0.25
-0.245
-0.235
-0.235
-0.24
-0.275
-0.3
-0.33
-0.345
-0.35
-0.37
-0.37
-0.375
-0.34
-0.27
-0.185
-0.1
-0.01
0.055
0.155
0.245
0.355
0.46
0.58
0.755
0.95
1.13
1.3
1.41
1.515
1.61
1.72
1.825
1.92
2.02
2.1
2.16
2.23
2.265
2.31
2.315
2.305
2.28
2.2
2.065
1.88
1.62
1.325
1.03
0.745
0.445
0.175
-0.04
-0.195
-0.315
-0.43
-0.515
-0.555
-0.605
-0.65
-0.69
-0.71
-0.705
-0.705
-0.7
-0.71
-0.73
-0.715
-0.7
-0.7
-0.725
-0.725
-0.76
-0.75
-0.755
-0.755
-0.765
-0.795
-0.815
-0.81
-0.805
-0.785
-0.77
-0.76
-0.75
-0.755
-0.765
-0.77
-0.785
-0.805
-0.82
-0.815
-0.815
-0.8
-0.785
-0.8
-0.82
-0.815
-0.825
-0.85
-0.85
-0.865
-0.875
-0.88
-0.865
-0.835
-0.845
-0.845
-0.865
-0.88
-0.865
-0.86
-0.875
-0.885
-0.89
-0.895
-0.88
-0.885
-0.865
-0.885
-0.895
-0.89
-0.905
-0.885
-0.885
-0.885
-0.88
-0.875
-0.87
-0.855
-0.845
-0.86
-0.845
-0.84
-0.815
-0.81
-0.795
-0.8
-0.815
-0.795
-0.74
-0.725
-0.72
-0.745
-0.735
-0.71
-0.69
-0.665
-0.65
-0.65
-0.66
-0.63
-0.615
-0.58
-0.57
-0.575
-0.57
-0.555
-0.52
-0.49
-0.475
-0.49
-0.485
-0.48
-0.475
-0.46
-0.435
-0.43
-0.425
-0.405
-0.385
-0.365
-0.355
-0.36
-0.37
-0.36
-0.355
-0.335
-0.335
-0.33
-0.35
-0.365
-0.36
-0.335
-0.33
-0.33
-0.34
-0.34
-0.315
-0.295
-0.285
-0.285
-0.29
-0.295
-0.295
-0.285
-0.295
-0.305
-0.315
-0.305
-0.295
-0.26
-0.26
-0.275
-0.3
-0.31
-0.29
-0.25
-0.24
-0.24
-0.245
-0.245
-0.25
-0.245
-0.245
-0.25
-0.255
-0.26
-0.26
-0.265
-0.275
-0.285
-0.295
-0.28
-0.26
-0.255
-0.26
-0.275
-0.28
-0.285
-0.27
-0.265
-0.27
-0.255
-0.255
-0.235
-0.225
-0.21
-0.225
-0.255
-0.27
-0.26
-0.24
-0.215
-0.22
-0.25
-0.26
-0.26
-0.24
-0.22
-0.23
-0.225
-0.23
-0.23
-0.215
-0.195
-0.2
-0.22
-0.23
-0.24
-0.245
-0.24
-0.23
-0.23
-0.24
-0.25
-0.235
-0.245
-0.235
-0.24
-0.225
-0.2
-0.19
-0.18
-0.2
-0.23
-0.225
-0.225
-0.22
-0.215
-0.215
-0.215
-0.2
-0.19
-0.195
-0.205
-0.22
-0.235
-0.245
-0.225
-0.21
-0.21
-0.215
-0.235
-0.235
-0.255
-0.24
-0.215
-0.215
-0.225
-0.24
-0.25
-0.245
-0.21
-0.205
-0.215
-0.25
-0.25
-0.24
-0.225
-0.195
-0.22
-0.245
-0.255
-0.255
-0.21
-0.205
-0.19
-0.21
-0.205
-0.195
-0.18
-0.18
-0.205
-0.22
-0.235
-0.23
-0.225
-0.23
-0.245
-0.225
-0.225
-0.225
-0.22
-0.225
-0.22
-0.23
-0.225
-0.195
-0.18
-0.165
-0.155
-0.16
-0.155
-0.155
-0.14
-0.125
-0.135
-0.14
-0.125
-0.115
-0.085
-0.11
-0.13
-0.13
-0.155
-0.175
-0.185
-0.2
-0.215
-0.25
-0.27
-0.27
-0.28
-0.29
-0.29
-0.285
-0.295
-0.29
-0.295
-0.315
-0.33
-0.365
-0.385
-0.36
-0.34
-0.335
-0.345
-0.35
-0.35
-0.345
-0.33
-0.345
-0.38
-0.4
-0.415
-0.415
-0.385
-0.385
-0.39
-0.4
-0.395
-0.39
-0.38
-0.395
-0.42
-0.425
-0.425
-0.405
-0.38
-0.365
-0.365
-0.355
-0.36
-0.375
-0.355
-0.36
-0.36
-0.355
-0.345
-0.325
-0.315
-0.305
-0.31
-0.33
-0.32
-0.315
-0.325
-0.335
-0.335
-0.325
-0.335
-0.33
-0.32
-0.335
-0.33
-0.335
-0.335
-0.335
-0.33
-0.37
-0.395
-0.43
-0.42
-0.41
-0.37
-0.345
-0.325
-0.29
-0.27
-0.235
-0.215
-0.185
-0.2
-0.185
-0.13
-0.02
0.13
0.26
0.355
0.37
0.32
0.25
0.165
0.04
-0.065
-0.14
-0.185
-0.225
-0.215
-0.25
-0.27
-0.29
-0.31
-0.29
-0.265
-0.25
-0.25
-0.255
-0.255
-0.255
-0.23
-0.245
-0.23
-0.245
-0.25
-0.22
-0.21
-0.21
-0.235
-0.24
-0.26
-0.25
-0.235
-0.23
-0.23
-0.225
-0.22
-0.2
-0.185
-0.195
-0.205
-0.21
-0.205
-0.17
-0.15
-0.165
-0.17
-0.18
-0.205
-0.195
-0.17
-0.145
-0.125
-0.125
-0.135
-0.13
-0.115
-0.125
-0.12
-0.11
-0.11
-0.095
-0.075
-0.07
-0.07
-0.085
-0.07
-0.06
-0.055
-0.05
-0.05
-0.045
-0.055
-0.045
-0.035
-0.025
-0.01
-0.01
-0.02
-0.02
-0.01
-0.025
-0.04
-0.05
-0.055
-0.04
-0.02
-0.015
-0.025
-0.025
-0.035
-0.03
-0.015
-0.02
-0.03
-0.035
-0.055
-0.045
-0.02
-0.03
-0.035
-0.06
-0.075
-0.07
-0.07
-0.095
-0.115
-0.14
-0.16
-0.155
-0.165
-0.185
-0.22
-0.225
-0.235
-0.225
-0.215
-0.22
-0.23
-0.25
-0.265
-0.28
-0.265
-0.265
-0.285
-0.28
-0.275
-0.275
-0.275
-0.295
-0.305
-0.32
-0.32
-0.315
-0.29
-0.29
-0.31
-0.325
-0.33
-0.325
-0.305
-0.32
-0.315
-0.33
-0.325
-0.33
-0.32
-0.34
-0.33
-0.335
-0.345
-0.35
-0.32
-0.335
-0.355
-0.35
-0.385
-0.385
-0.375
-0.37
-0.37
-0.36
-0.365
-0.37
-0.35
-0.38
-0.385
-0.405
-0.425
-0.43
-0.43
-0.45
-0.465
-0.49
-0.5
-0.49
-0.455
-0.43
-0.36
-0.24
-0.12
0
0.125
0.22
0.28
0.41
0.555
0.76
0.97
1.155
1.305
1.44
1.565
1.68
1.795
1.9
2
2.085
2.14
2.185
2.215
2.225
2.17
2.07
1.905
1.73
1.505
1.225
0.945
0.66
0.385
0.16
-0.025
-0.19
-0.33
-0.475
-0.595
-0.675
-0.71
-0.74
-0.745
-0.78
-0.81
-0.81
-0.84
-0.835
-0.84
-0.835
-0.835
-0.815
-0.82
-0.84
-0.875
-0.885
-0.905
-0.915
-0.91
-0.91
-0.895
-0.87
-0.865
-0.865
-0.87
-0.875
-0.87
-0.88
-0.88
-0.88
-0.865
-0.865
-0.895
-0.93
-0.94
-0.935
-0.905
-0.875
-0.89
-0.905
-0.93
-0.94
-0.935
-0.95
-0.95
-0.96
-0.955
-0.96
-0.955
-0.95
-0.955
-0.985
-1.005
-0.995
-0.975
-0.94
-0.92
-0.935
-0.95
-0.97
-0.975
-0.975
-0.96
-0.95
-0.935
-0.925
-0.905
-0.89
-0.88
-0.87
-0.865
-0.86
-0.85
-0.855
-0.845
-0.835
-0.81
-0.775
-0.765
-0.78
-0.795
-0.81
-0.79
-0.745
-0.71
-0.695
-0.695
-0.695
-0.695
-0.66
-0.625
-0.59
-0.595
-0.575
-0.545
-0.51
-0.49
-0.49
-0.51
-0.54
-0.55
-0.52
-0.48
-0.45
-0.445
-0.43
-0.415
-0.425
-0.42
-0.42
-0.405
-0.405
-0.385
-0.385
-0.37
-0.4
-0.405
-0.41
-0.41
-0.385
-0.35
-0.34
-0.34
-0.35
-0.375
-0.355
-0.365
-0.385
-0.37
-0.36
-0.37
-0.35
-0.36
-0.365
-0.36
-0.365
-0.365
-0.335
-0.32
-0.325
-0.335
-0.345
-0.345
-0.335
-0.32
-0.33
-0.33
-0.35
-0.34
-0.335
-0.305
-0.315
-0.34
-0.375
-0.365
-0.345
-0.315
-0.3
-0.31
-0.295
-0.295
-0.285
-0.29
-0.3
-0.32
-0.345
-0.345
-0.34
-0.32
-0.325
-0.305
-0.32
-0.34
-0.335
-0.33
-0.33
-0.34
-0.32
-0.325
-0.3
-0.32
-0.33
-0.34
-0.36
-0.34
-0.33
-0.31
-0.295
-0.31
-0.34
-0.37
-0.355
-0.33
-0.305
-0.31
-0.32
-0.325
-0.34
-0.32
-0.33
-0.335
-0.35
-0.36
-0.345
-0.33
-0.315
-0.325
-0.335
-0.34
-0.33
-0.305
-0.295
-0.305
-0.31
-0.325
-0.335
-0.33
-0.335
-0.35
-0.345
-0.335
-0.335
-0.315
-0.315
-0.315
-0.33
-0.345
-0.345
-0.33
-0.325
-0.33
-0.32
-0.315
-0.315
-0.32
-0.345
-0.355
-0.375
-0.36
-0.35
-0.345
-0.325
-0.315
-0.315
-0.33
-0.33
-0.32
-0.295
-0.285
-0.29
-0.3
-0.295
-0.285
-0.27
-0.265
-0.26
-0.245
-0.225
-0.205
-0.19
-0.2
-0.215
-0.235
-0.235
-0.225
-0.215
-0.225
-0.255
-0.27
-0.265
-0.27
-0.295
-0.335
-0.335
-0.34
-0.335
-0.33
-0.34
-0.34
-0.34
-0.385
-0.38
-0.365
-0.355
-0.355
-0.365
-0.375
-0.38
-0.395
-0.39
-0.4
-0.415
-0.41
-0.41
-0.415
-0.41
-0.41
-0.435
-0.425
-0.435
-0.415
-0.43
-0.425
-0.455
-0.44
-0.42
-0.385
-0.365
-0.345
-0.335
-0.33
-0.32
-0.325
-0.335
-0.34
-0.33
-0.335
-0.32
-0.315
-0.305
-0.31
-0.32
-0.335
-0.32
-0.305
-0.305
-0.29
-0.29
-0.29
-0.27
-0.275
-0.28
-0.3
-0.345
-0.4
-0.43
-0.445
-0.425
-0.395
-0.38
-0.35
-0.3
-0.24
-0.21
-0.165
-0.15
-0.09
0.065
0.285
0.45
0.48
0.41
0.295
0.19
0.06
-0.035
-0.095
-0.16
-0.19
-0.21
-0.205
-0.2
-0.2
-0.205
-0.2
-0.185
-0.19
-0.175
-0.17
-0.175
-0.18
-0.18
-0.165
-0.16
-0.16
-0.175
-0.18
-0.17
-0.15
-0.125
-0.12
-0.145
-0.15
-0.15
-0.14
-0.135
-0.135
-0.155
-0.165
-0.13
-0.125
-0.095
-0.105
-0.095
-0.105
-0.1
-0.075
-0.075
-0.065
-0.065
-0.07
-0.055
-0.03
-0.01
-0.005
-0.005
-0.005
-0.015
0
0
0.005
0.03
0.045
0.055
0.06
0.05
0.045
0.02
0.03
0.05
0.095
0.07
0.095
0.075
0.08
0.09
0.08
0.06
0.085
0.09
0.09
0.095
0.12
0.13
0.125
0.11
0.1
0.1
0.1
0.09
0.085
0.065
0.055
0.06
0.065
0.055
0.055
0.025
0.015
0
0.005
-0.01
-0.01
-0.015
-0.04
-0.05
-0.06
-0.08
-0.1
-0.115
-0.12
-0.115
-0.105
-0.105
-0.115
-0.13
-0.13
-0.135
-0.13
-0.135
-0.13
-0.15
-0.15
-0.16
-0.15
-0.15
-0.165
-0.17
-0.175
-0.18
-0.16
-0.155
-0.175
-0.2
-0.235
-0.215
-0.205
-0.2
-0.19
-0.205
-0.195
-0.175
-0.19
-0.2
-0.225
-0.235
-0.235
-0.22
-0.195
-0.2
-0.21
-0.225
-0.235
-0.235
-0.235
-0.24
-0.225
-0.24
-0.27
-0.29
-0.335
-0.385
-0.4
-0.4
-0.37
-0.33
-0.26
-0.145
-0.03
0.08
0.175
0.265
0.355
0.455
0.6
0.765
0.95
1.17
1.36
1.54
1.69
1.835
1.955
2.095
2.26
2.365
2.425
2.455
2.495
2.51
2.48
2.37
2.175
1.905
1.6
1.265
0.895
0.53
0.195
-0.025
-0.175
-0.285
-0.4
-0.505
-0.585
-0.625
-0.655
-0.66
-0.67
-0.66
-0.67
-0.69
-0.72
-0.73
-0.725
-0.725
-0.715
-0.715
-0.74
-0.725
-0.74
-0.75
-0.75
-0.77
-0.785
-0.77
-0.74
-0.735
-0.71
-0.73
-0.745
-0.765
-0.775
-0.78
-0.785
-0.785
-0.785
-0.78
-0.78
-0.79
-0.815
-0.84
-0.86
-0.83
-0.83
-0.835
-0.85
-0.875
-0.89
-0.89
-0.885
-0.875
-0.855
-0.855
-0.865
-0.865
-0.865
-0.87
-0.875
-0.88
-0.87
-0.85
-0.835
-0.82
-0.82
-0.825
-0.82
-0.795
-0.79
-0.775
-0.775
-0.775
-0.78
-0.78
-0.765
-0.74
-0.72
-0.715
-0.69
-0.665
-0.64
-0.635
-0.625
-0.625
-0.6
-0.565
-0.52
-0.5
-0.495
-0.5
-0.505
-0.475
-0.435
-0.42
-0.41
-0.41
-0.41
-0.395
-0.395
-0.38
-0.375
-0.37
-0.36
-0.355
-0.345
-0.34
-0.355
-0.375
-0.37
-0.365
-0.335
-0.325
-0.33
-0.345
-0.34
-0.315
-0.31
-0.285
-0.295
-0.29
-0.305
-0.31
-0.32
-0.335
-0.335
-0.335
-0.35
-0.335
-0.32
-0.28
-0.3
-0.305
-0.31
-0.31
-0.295
-0.3
-0.315
-0.315
-0.33
-0.31
-0.32
-0.34
-0.34
-0.32
-0.315
-0.3
-0.295
-0.3
-0.29
-0.295
-0.32
-0.325
-0.305
-0.28
-0.28
-0.29
-0.31
-0.345
-0.31
-0.295
-0.295
-0.305
-0.335
-0.335
-0.32
-0.32
-0.31
-0.335
-0.33
-0.325
-0.305
-0.295
-0.295
-0.3
-0.33
-0.325
-0.325
-0.305
-0.305
-0.31
-0.34
-0.37
-0.36
-0.325
-0.275
-0.275
-0.3
-0.305
-0.28
-0.275
-0.295
-0.305
-0.325
-0.335
-0.325
-0.3
-0.29
-0.285
-0.305
-0.315
-0.35
-0.34
-0.305
-0.29
-0.27
-0.3
-0.305
-0.28
-0.295
-0.355
-0.35
-0.34
-0.32
-0.3
-0.29
-0.315
-0.33
-0.325
-0.32
-0.31
-0.305
-0.28
-0.285
-0.29
-0.295
-0.315
-0.335
-0.37
-0.32
-0.305
-0.325
-0.305
-0.305
-0.3
-0.315
-0.32
-0.305
-0.29
-0.28
-0.27
-0.245
-0.225
-0.23
-0.215
-0.2
-0.21
-0.215
-0.195
-0.2
-0.215
-0.24
-0.255
-0.28
-0.29
-0.27
-0.265
-0.25
-0.255
-0.255
-0.28
-0.29
-0.32
-0.325
-0.335
-0.335
-0.315
-0.32
-0.33
-0.38
-0.415
-0.45
-0.455
-0.42
-0.39
-0.38
-0.395
-0.43
-0.43
-0.415
-0.425
-0.415
-0.425
-0.405
-0.395
-0.395
-0.39
-0.42
-0.44
-0.445
-0.43
-0.42
-0.4
-0.385
-0.365
-0.365
-0.37
-0.36
-0.35
-0.345
-0.345
-0.335
-0.33
-0.32
-0.32
-0.32
-0.32
-0.3
-0.3
-0.28
-0.265
-0.275
-0.29
-0.31
-0.31
-0.31
-0.305
-0.32
-0.335
-0.365
-0.395
-0.405
-0.435
-0.445
-0.445
-0.43
-0.39
-0.33
-0.275
-0.225
-0.2
-0.18
-0.14
-0.09
0
0.135
0.3
0.405
0.44
0.375
0.32
0.215
0.09
-0.005
-0.07
-0.105
-0.145
-0.17
-0.215
-0.255
-0.26
-0.24
-0.225
-0.225
-0.215
-0.22
-0.215
-0.205
-0.21
-0.205
-0.225
-0.235
-0.23
-0.215
-0.18
-0.185
-0.2
-0.205
-0.185
-0.175
-0.175
-0.17
-0.17
-0.16
-0.13
-0.09
-0.08
-0.105
-0.125
-0.135
-0.13
-0.11
-0.085
-0.065
-0.08
-0.115
-0.125
-0.105
-0.075
-0.035
-0.03
-0.025
-0.015
-0.01
-0.005
-0.005
-0.035
-0.06
-0.055
-0.035
0.01
0.02
0.025
0.025
0.03
0.03
0.035
0.035
0.045
0.03
0.035
0.04
0.055
0.055
0.035
0.025
0.04
0.05
0.07
0.085
0.1
0.085
0.1
0.125
0.125
0.12
0.11
0.115
0.115
0.125
0.13
0.12
0.1
0.085
0.09
0.105
0.105
0.115
0.1
0.095
0.105
0.1
0.065
0.06
0.04
0.035
0.02
0.025
0.025
0.025
0.015
-0.015
-0.035
-0.06
-0.05
-0.025
-0.035
-0.055
-0.055
-0.06
-0.085
-0.095
-0.13
-0.13
-0.125
-0.08
-0.075
-0.09
-0.12
-0.12
-0.12
-0.125
-0.11
-0.095
-0.095
-0.11
-0.125
-0.125
-0.135
-0.14
-0.135
-0.15
-0.15
-0.145
-0.135
-0.145
-0.16
-0.18
-0.175
-0.17
-0.16
-0.15
-0.165
-0.175
-0.18
-0.175
-0.175
-0.195
-0.21
-0.215
-0.225
-0.195
-0.18
-0.17
-0.19
-0.22
-0.25
-0.255
-0.29
-0.32
-0.35
-0.365
-0.33
-0.295
-0.275
-0.23
-0.175
-0.07
0.05
0.17
0.295
0.375
0.48
0.625
0.84
1.07
1.285
1.455
1.605
1.76
1.895
2.04
2.15
2.26
2.35
2.42
2.48
2.535
2.535
2.48
2.355
2.155
1.92
1.645
1.315
0.96
0.625
0.34
0.12
-0.025
-0.165
-0.29
-0.425
-0.495
-0.55
-0.53
-0.53
-0.525
-0.535
-0.55
-0.56
-0.57
-0.595
-0.605
-0.63
-0.64
-0.635
-0.625
-0.64
-0.65
-0.685
-0.705
-0.715
-0.7
-0.675
-0.69
-0.695
-0.69
-0.665
-0.655
-0.635
-0.64
-0.665
-0.685
-0.69
-0.675
-0.67
-0.69
-0.715
-0.74
-0.73
-0.7
-0.695
-0.69
-0.72
-0.745
-0.755
-0.75
-0.75
-0.745
-0.76
-0.755
-0.745
-0.74
-0.72
-0.73
-0.74
-0.745
-0.735
-0.705
-0.7
-0.705
-0.715
-0.725
-0.725
-0.72
-0.72
-0.705
-0.695
-0.695
-0.66
-0.64
-0.625
-0.63
-0.625
-0.635
-0.61
-0.575
-0.555
-0.54
-0.54
-0.545
-0.515
-0.5
-0.49
-0.475
-0.455
-0.45
-0.445
-0.41
-0.385
-0.37
-0.355
-0.36
-0.32
-0.295
-0.285
-0.28
-0.265
-0.265
-0.26
-0.25
-0.24
-0.24
-0.215
-0.22
-0.19
-0.19
-0.19
-0.195
-0.2
-0.2
-0.165
-0.145
-0.125
-0.125
-0.145
-0.17
-0.16
-0.145
-0.125
-0.115
-0.12
-0.15
-0.16
-0.14
-0.115
-0.1
-0.11
-0.11
-0.085
-0.085
-0.07
-0.09
-0.085
-0.095
-0.075
-0.075
-0.075
-0.09
-0.085
-0.07
-0.055
-0.04
-0.06
-0.08
-0.08
-0.07
-0.055
-0.04
-0.03
-0.03
-0.04
-0.07
-0.07
-0.07
-0.06
-0.07
-0.09
-0.09
-0.11
-0.085
-0.08
-0.075
-0.075
-0.075
-0.05
-0.025
-0.025
-0.04
-0.075
-0.095
-0.11
-0.11
-0.09
-0.055
-0.03
-0.02
-0.035
-0.03
-0.015
-0.03
-0.035
-0.045
-0.05
-0.05
-0.05
-0.06
-0.095
-0.095
-0.08
-0.08
-0.04
-0.03
-0.025
-0.045
-0.065
-0.065
-0.075
-0.07
-0.065
-0.065
-0.045
-0.025
-0.005
-0.015
-0.03
-0.06
-0.07
-0.065
-0.06
-0.045
-0.03
-0.025
-0.01
-0.02
-0.02
-0.025
-0.02
-0.02
-0.01
-0.02
0.01
0.01
-0.005
-0.045
-0.03
-0.015
-0.025
-0.015
-0.04
-0.045
-0.025
-0.01
-0.005
-0.005
-0.015
-0.025
-0.04
-0.015
-0.01
-0.01
0.005
0
0.02
0.03
0.025
0.025
0.015
0.03
0.03
0.045
0.045
0.065
0.075
0.075
0.07
0.08
0.085
0.1
0.105
0.12
0.12
0.145
0.145
0.135
0.12
0.11
0.12
0.12
0.1
0.1
0.07
0.065
0.06
0.03
0.025
0.015
0.01
0
0.01
0.01
0.015
0.02
0.01
-0.01
-0.03
-0.02
-0.015
0
0
0.005
-0.025
-0.01
-0.025
-0.04
-0.06
-0.08
-0.075
-0.07
-0.07
-0.06
-0.085
-0.09
-0.075
-0.06
-0.035
-0.045
-0.06
-0.075
-0.08
-0.055
-0.03
-0.035
-0.04
-0.03
-0.03
-0.015
0.005
0.015
0.03
0.02
0.035
0.035
0.02
0.03
0.04
0.04
0.05
0.05
0.055
0.06
0.05
0.045
0.055
0.065
0.065
0.055
0.03
0.005
0
-0.015
-0.03
-0.08
-0.11
-0.13
-0.09
-0.04
0.005
0.05
0.065
0.105
0.115
0.15
0.18
0.245
0.305
0.425
0.605
0.74
0.8
0.77
0.735
0.67
0.595
0.49
0.38
0.285
0.195
0.14
0.12
0.105
0.115
0.115
0.11
0.085
0.095
0.09
0.095
0.1
0.1
0.075
0.085
0.09
0.1
0.09
0.1
0.085
0.085
0.095
0.1
0.105
0.1
0.11
0.11
0.13
0.12
0.12
0.105
0.105
0.12
0.13
0.135
0.145
0.145
0.13
0.12
0.13
0.135
0.135
0.125
0.115
0.12
0.135
0.145
0.145
0.125
0.13
0.155
0.19
0.215
0.22
0.19
0.19
0.19
0.205
0.21
0.195
0.18
0.175
0.2
0.225
0.26
0.265
0.245
0.215
0.23
0.225
0.245
0.245
0.22
0.24
0.245
0.245
0.235
0.21
0.2
0.19
0.2
0.22
0.235
0.24
0.225
0.21
0.195
0.21
0.215
0.235
0.215
0.195
0.22
0.23
0.22
0.195
0.175
0.13
0.115
0.12
0.125
0.135
0.11
0.065
0.06
0.05
0.065
0.07
0.055
0.05
0.045
0.035
0.03
0.015
0
-0.035
-0.04
-0.065
-0.065
-0.08
-0.085
-0.08
-0.06
-0.065
-0.065
-0.075
-0.08
-0.1
-0.11
-0.115
-0.1
-0.1
-0.12
-0.15
-0.155
-0.15
-0.14
-0.135
-0.14
-0.135
-0.13
-0.16
-0.185
-0.205
-0.22
-0.215
-0.205
-0.195
-0.205
-0.2
-0.21
-0.225
-0.21
-0.21
-0.225
-0.245
-0.255
-0.26
-0.25
-0.26
-0.25
-0.25
-0.25
-0.26
-0.25
-0.26
-0.28
-0.325
-0.37
-0.42
-0.445
-0.44
-0.435
-0.39
-0.365
-0.335
-0.265
-0.13
0
0.115
0.21
0.295
0.385
0.515
0.69
0.87
1.04
1.195
1.34
1.47
1.64
1.74
1.86
1.955
2.095
2.21
2.315
2.38
2.425
2.465
2.455
2.41
2.27
2.07
1.82
1.53
1.23
0.93
0.68
0.425
0.165
-0.055
-0.205
-0.32
-0.425
-0.535
-0.625
-0.655
-0.65
-0.67
-0.69
-0.72
-0.72
-0.715
-0.71
-0.71
-0.715
-0.725
-0.74
-0.76
-0.75
-0.745
-0.76
-0.78
-0.785
-0.795
-0.79
-0.795
-0.805
-0.81
-0.83
-0.825
-0.815
-0.785
-0.785
-0.76
-0.755
-0.77
-0.765
-0.76
-0.77
-0.79
-0.82
-0.835
-0.835
-0.82
-0.825
-0.845
-0.855
-0.865
-0.87
-0.865
-0.855
-0.87
-0.875
-0.88
-0.875
-0.875
-0.885
-0.92
-0.945
-0.94
-0.93
-0.905
-0.885
-0.885
-0.905
-0.94
-0.93
-0.93
-0.915
-0.92
-0.91
-0.915
-0.9
-0.9
-0.88
-0.855
-0.86
-0.865
-0.88
-0.865
-0.84
-0.825
-0.815
-0.805
-0.805
-0.78
-0.76
-0.755
-0.76
-0.755
-0.74
-0.705
-0.685
-0.67
-0.65
-0.655
-0.645
-0.645
-0.635
-0.63
-0.63
-0.615
-0.585
-0.53
-0.475
-0.465
-0.47
-0.47
-0.465
-0.465
-0.44
-0.425
-0.43
-0.415
-0.4
-0.39
-0.37
-0.39
-0.4
-0.42
-0.4
-0.37
-0.36
-0.365
-0.37
-0.375
-0.36
-0.37
-0.36
-0.375
-0.35
-0.335
-0.315
-0.285
-0.27
-0.29
-0.315
-0.31
-0.32
-0.295
-0.29
-0.285
-0.28
-0.295
-0.295
-0.3
-0.3
-0.295
-0.315
-0.32
-0.3
-0.275
-0.24
-0.23
-0.24
-0.25
-0.25
-0.25
-0.245
-0.25
-0.255
-0.265
-0.25
-0.21
-0.195
-0.19
-0.21
-0.23
-0.225
-0.21
-0.19
-0.2
-0.2
-0.205
-0.2
-0.175
-0.165
-0.17
-0.185
-0.185
-0.17
-0.15
-0.155
-0.16
-0.165
-0.19
-0.205
-0.19
-0.175
-0.155
-0.18
-0.175
-0.15
-0.125
-0.12
-0.13
-0.15
-0.185
-0.19
-0.165
-0.11
-0.1
-0.09
-0.1
-0.125
-0.145
-0.145
-0.14
-0.15
-0.16
-0.155
-0.15
-0.14
-0.14
-0.145
-0.15
-0.14
-0.135
-0.1
-0.09
-0.075
-0.09
-0.085
-0.055
-0.055
-0.065
-0.075
-0.075
-0.055
-0.035
-0.01
-0.015
-0.035
-0.065
-0.06
-0.06
-0.04
-0.015
-0.015
-0.025
-0.04
-0.02
-0.025
-0.045
-0.075
-0.075
-0.055
-0.025
-0.005
0.005
-0.02
-0.05
-0.045
-0.03
-0.005
0
0.02
0.02
0.025
0.03
0.045
0.035
0.04
0.02
0.02
0.01
0.015
0.035
0.045
0.035
0.05
0.08
0.09
0.095
0.09
0.095
0.13
