972
972
972
972
972
972
972
972
995
989
969
948
943
947
962
976
973
959
949
955
978
1000
1012
1000
980
954
951
957
972
989
1003
996
984
977
965
945
926
929
945
961
972
982
984
992
1005
1016
1020
1017
1006
990
976
968
964
967
969
975
987
1004
1013
998
965
944
955
970
973
973
981
989
993
989
977
961
957
962
972
972
963
956
968
983
992
981
956
956
991
1032
1060
1070
1076
1075
1079
1110
1164
1224
1281
1317
1330
1320
1301
1293
1295
1298
1289
1276
1258
1229
1190
1155
1128
1108
1096
1072
1024
973
945
944
966
987
991
967
938
925
927
941
951
956
950
930
917
911
917
924
936
942
942
923
893
870
869
900
934
943
931
917
909
914
920
922
926
933
922
896
886
901
925
936
943
952
956
939
910
901
919
939
940
938
944
953
951
945
944
953
958
956
958
961
969
981
997
1009
1008
1013
1018
1020
1017
1015
1014
1010
1011
996
982
974
983
1022
1049
1040
1014
990
979
968
956
960
973
994
1015
1022
1022
1031
1027
993
933
893
896
931
966
975
972
969
969
968
960
943
936
948
979
997
989
974
960
958
972
993
1000
988
962
950
958
964
944
924
916
922
946
980
999
991
964
949
950
948
944
947
956
960
963
974
989
995
990
974
960
955
960
984
1010
1010
983
960
960
977
993
993
978
972
981
990
998
1004
1002
990
978
970
971
978
987
992
990
986
987
992
989
981
973
965
964
981
996
1002
994
982
975
988
1007
1015
999
968
937
929
944
971
989
988
978
981
996
1002
991
975
966
966
968
969
979
984
982
971
968
977
985
987
984
987
999
1014
1028
1024
1006
990
983
988
1006
1019
1012
989
981
989
993
995
1008
1027
1026
1004
988
988
1002
999
983
977
986
999
1000
998
1003
1017
1018
992
959
958
976
987
983
986
993
994
993
986
988
999
1005
1003
1013
1020
1011
995
983
987
997
999
993
987
996
1008
1020
1022
1018
1017
1021
1023
1020
1003
984
977
987
993
995
1009
1018
1013
1007
1006
1014
1030
1051
1062
1061
1058
1058
1056
1049
1047
1073
1118
1162
1196
1232
1277
1321
1358
1376
1387
1384
1367
1350
1351
1349
1331
1299
1266
1237
1204
1160
1090
1031
1008
1008
1007
1009
1010
1000
970
935
914
911
930
964
980
963
924
895
892
907
924
935
933
931
931
924
930
938
944
937
929
932
935
929
914
896
893
902
915
929
939
945
942
941
932
929
931
937
943
948
949
948
945
940
933
926
922
929
941
953
956
955
954
964
984
1003
1015
1011
991
974
967
981
1010
1036
1043
1017
994
1006
1036
1051
1036
1002
981
991
1008
1016
1013
1018
1019
1016
1017
1008
1004
1014
1035
1039
1024
997
984
994
1010
1020
1026
1027
1032
1021
1005
987
986
993
1004
1012
1019
1023
1027
1030
1029
1028
1021
1015
1008
1007
1006
1007
1008
1003
1004
1006
1019
1022
1016
1006
1003
1013
1022
1019
1006
996
986
979
982
1002
1014
1013
1010
1015
1009
1000
999
1019
1044
1059
1041
1005
984
980
992
1005
1013
1010
1009
1009
999
984
972
988
1011
1027
1028
1014
993
981
989
1013
1038
1046
1026
1002
986
984
990
1005
1013
1014
1014
1012
1007
999
998
1003
1014
1025
1022
1010
1000
999
1017
1037
1043
1040
1027
1012
1008
1030
1064
1086
1091
1091
1104
1120
1142
1173
1219
1267
1304
1320
1316
1308
1309
1315
1326
1333
1332
1292
1238
1194
1171
1152
1105
1043
995
985
990
991
977
957
946
951
953
950
940
933
932
939
943
948
951
951
951
949
942
935
937
948
953
951
951
963
960
932
906
897
911
925
930
928
931
940
950
947
944
929
917
920
936
955
975
987
979
966
960
967
974
971
958
952
962
993
1011
993
960
957
977
1000
1008
995
978
970
985
1016
1035
1034
1014
1001
995
1006
1017
1024
1021
1020
1016
1005
995
998
1000
997
999
1004
997
981
969
977
993
995
983
953
933
941
967
984
979
965
955
951
952
955
960
960
960
963
976
985
977
958
949
955
971
988
994
985
978
975
963
952
948
954
975
987
989
987
976
967
963
963
977
987
986
977
977
993
1011
1008
990
968
960
960
963
975
989
994
989
977
962
956
960
970
978
969
950
947
961
974
974
971
976
984
981
966
957
966
975
978
978
976
981
990
997
1021
1042
1061
1061
1061
1072
1089
1125
1188
1244
1262
1254
1241
1240
1253
1268
1280
1275
1244
1191
1135
1085
1054
1043
1042
1035
1006
966
937
931
937
951
967
971
955
933
917
920
935
948
932
901
888
891
908
914
917
914
918
919
915
911
907
908
911
918
926
932
928
910
904
911
930
935
932
925
931
949
963
951
928
906
903
918
923
939
955
964
960
949
944
938
934
946
967
973
961
961
968
972
969
972
987
1000
995
984
983
992
998
989
972
961
965
975
986
999
1005
1000
978
955
956
969
971
967
966
975
976
975
984
1003
1018
1007
970
945
964
1004
1010
979
950
956
987
1022
1035
1016
982
962
949
940
932
933
948
958
954
955
978
1013
1039
1058
1075
1093
1104
1148
1183
1197
1187
1177
1171
1145
1104
1067
1043
1021
988
963
951
949
943
937
923
907
896
899
922
943
954
946
923
907
901
903
897
886
885
894
904
910
908
912
909
904
910
917
917
915
917
932
957
960
937
912
893
892
912
928
933
935
943
958
970
969
958
949
950
950
945
953
969
982
983
985
986
979
965
946
938
939
947
958
971
973
965
960
962
966
968
961
957
950
950
954
965
976
974
970
962
942
913
902
919
937
939
942
946
950
950
947
940
936
938
941
937
941
954
960
945
922
916
938
951
942
929
916
915
924
941
943
938
932
927
920
926
934
940
938
932
928
936
940
925
910
914
920
910
901
909
924
932
933
921
913
909
919
920
932
939
938
921
907
906
907
916
931
933
928
927
927
919
905
905
932
967
966
925
889
877
884
897
903
896
898
907
911
923
930
922
915
930
944
918
879
871
894
902
901
907
910
916
924
917
889
865
853
852
864
892
907
909
908
899
900
902
903
907
909
918
922
928
925
920
919
928
932
923
922
924
913
890
883
903
931
946
932
900
874
871
898
927
933
925
912
905
902
896
891
902
920
940
942
930
907
893
891
897
907
907
901
913
931
941
949
963
983
1002
1031
1078
1118
1147
1208
1282
1317
1303
1266
1249
1258
1287
1311
1288
1223
1159
1112
1064
1010
960
938
916
886
875
894
900
882
859
856
865
862
849
837
836
846
864
870
854
817
788
788
806
818
814
808
815
827
838
837
831
819
807
803
807
813
816
827
834
838
837
837
846
852
843
831
829
845
860
856
835
816
823
841
859
867
862
849
838
845
862
883
896
895
878
865
866
880
894
910
928
945
953
939
915
900
894
886
879
880
888
897
896
895
906
925
935
929
919
916
917
916
915
915
922
929
941
956
959
957
948
935
920
918
935
943
920
897
896
916
933
945
948
942
931
927
930
929
927
933
946
963
975
989
980
946
911
892
889
888
890
909
926
935
933
925
924
919
915
912
918
936
944
938
938
959
982
980
959
940
928
931
948
964
962
948
935
927
924
936
953
954
939
918
914
930
949
949
936
927
934
937
942
950
974
998
1007
982
946
919
920
942
969
980
993
1011
1016
990
952
959
1005
1053
1072
1065
1063
1083
1122
1182
1246
1295
1305
1295
1296
1317
1336
1334
1297
1233
1196
1183
1153
1094
1036
998
981
965
941
921
913
922
934
935
918
904
914
939
951
935
916
912
914
919
922
916
914
911
902
902
915
936
933
908
887
892
905
907
902
909
915
917
925
941
946
944
938
940
947
964
982
973
952
951
966
967
958
962
984
1003
996
978
974
981
990
989
995
1013
1026
1028
1020
1020
1016
1005
990
991
997
995
993
999
1012
1023
1016
1006
996
995
989
987
993
997
995
1000
1010
1019
1012
994
979
972
982
987
992
984
976
977
991
1000
1003
1000
981
969
976
997
1001
995
991
996
1004
1010
1000
980
975
994
1003
998
1004
1018
1033
1043
1048
1044
1014
971
958
976
990
991
995
1008
1017
1017
1009
994
986
996
1008
1010
1004
1004
1012
1023
1020
1012
1008
1009
1011
1022
1040
1059
1056
1030
1013
1018
1034
1048
1032
1001
995
1010
1027
1041
1039
1031
1032
1041
1049
1050
1047
1031
1025
1029
1060
1104
1107
1064
1025
1014
1036
1066
1079
1067
1036
1006
1007
1028
1044
1053
1049
1030
1024
1019
1021
1020
1024
1032
1029
1027
1024
1023
1025
1037
1064
1075
1052
1019
1019
1067
1125
1142
1115
1081
1077
1095
1133
1177
1236
1303
1353
1392
1409
1417
1417
1404
1385
1374
1357
1332
1301
1261
1216
1149
1080
1032
1013
1008
1008
1004
1001
1001
994
993
980
977
985
999
1004
1002
998
989
980
974
986
1012
1034
1029
1002
970
961
966
978
986
1000
1010
1014
1003
984
958
949
968
996
1011
1012
1021
1035
1026
991
972
979
1000
1014
1032
1041
1049
1054
1063
1072
1052
1022
998
1006
1032
1052
1052
1041
1049
1072
1087
1074
1047
1013
1006
1027
1050
1073
1097
1097
1070
1047
1040
1066
1098
1109
1104
1110
1125
1115
1077
1048
1041
1042
1040
1035
1030
1036
1043
1039
1039
1057
1085
1097
1086
1061
1052
1057
1059
1036
1016
1030
1063
1081
1077
1066
1067
1071
1077
1080
1079
1077
1075
1072
1069
1082
1116
1147
1157
1140
1098
1049
1020
1023
1029
1036
1047
1059
1084
1101
1105
1116
1140
1169
1200
1206
1195
1195
1237
1296
1339
1348
1313
1268
1258
1274
1272
1216
1128
1076
1074
1082
1064
1024
1001
1009
1016
1021
1020
1023
1030
1033
1023
1007
1006
1011
1019
1020
1021
1029
1042
1051
1049
1035
1021
1021
1025
1031
1036
1047
1070
1089
1098
1094
1097
1113
1146
1168
1149
1112
1140
1221
1215
1087
959
958
1032
1096
1121
1123
1108
1102
1108
1125
1136
1127
1116
1114
1111
1106
1107
1105
1101
1102
1098
1094
1088
1086
1085
1073
1058
1061
1070
1072
1074
1069
1062
1057
1060
1066
1067
1066
1065
1068
1078
1090
1111
1121
1115
1096
1088
1096
1101
1083
1077
1090
1104
1088
1041
1004
998
1017
1041
1056
1061
1057
1048
1049
1064
1080
1079
1071
1063
1061
1065
1081
1093
1096
1096
1110
1133
1150
1134
1084
1040
1029
1040
1052
1062
1057
1045
1044
1064
1101
1127
1130
1101
1045
994
977
1004
1049
1076
1088
1087
1089
1091
1084
1070
1046
1032
1027
1049
1083
1124
1150
1147
1116
1051
999
998
1024
1037
1039
1039
1051
1059
1054
1050
1062
1089
1113
1108
1065
1010
984
1001
1032
1056
1064
1073
1101
1149
1192
1167
1073
991
970
993
1001
991
993
1020
1062
1106
1129
1121
1071
1008
976
999
1054
1096
1113
1131
1157
1184
1186
1183
1182
1182
1182
1194
1231
1273
1294
1308
1321
1333
1330
1316
1291
1260
1240
1225
1200
1169
1131
1097
1075
1061
1039
1024
1026
1031
1019
1011
1013
1025
1026
998
974
978
991
989
962
936
935
948
957
958
958
968
985
1001
1012
1009
996
984
987
1010
1016
1001
978
967
980
1002
1022
1035
1031
1009
986
977
986
999
998
992
998
1020
1015
970
915
908
936
965
987
1002
1003
994
983
979
985
998
1007
1017
1022
1021
1017
1017
1030
1039
1035
1031
1035
1037
1034
1029
1024
1033
1047
1059
1068
1080
1083
1060
1031
1010
1015
1054
1112
1137
1103
1042
1009
998
1001
990
992
1001
1020
1039
1052
1057
1046
1019
996
995
1008
1024
1039
1052
1072
1100
1098
1062
1008
997
1050
1115
1142
1105
1045
1009
1015
1040
1061
1060
1036
1011
1004
996
961
909
866
845
838
826
811
801
794
813
853
899
938
953
932
903
883
893
932
976
1007
1045
1088
1123
1113
1080
1060
1064
1060
1037
1006
969
943
944
961
984
1010
1032
1044
1041
1030
1032
1048
1044
1023
1001
992
993
1001
1024
1057
1074
1069
1051
1037
1031
1034
1056
1087
1115
1133
1147
1139
1121
1102
1100
1111
1130
1145
1153
1151
1143
1132
1136
1165
1212
1238
1241
1225
1203
1180
1147
1132
1132
1152
1166
1158
1141
1131
1128
1131
1135
1137
1134
1118
1083
1052
1056
1070
1080
1080
1089
1092
1084
1059
1040
1034
1032
1054
1092
1112
1087
1041
998
986
984
973
955
936
911
876
831
786
750
738
744
759
793
849
908
944
968
996
1020
1032
1032
1025
1011
996
987
977
961
951
962
975
984
990
1002
1017
1026
1019
1001
990
993
992
978
957
956
969
980
970
951
948
961
984
997
996
991
989
1003
1014
1015
1001
997
1019
1065
1103
1105
1071
1029
999
988
983
992
1003
1016
1029
1039
1060
1083
1090
1078
1068
1064
1075
1080
1084
1093
1102
1106
1103
1114
1131
1145
1139
1122
1087
1045
1021
1029
1063
1087
1085
1062
1046
1040
1042
1043
1018
976
961
979
1003
1016
1019
1017
1017
1021
1025
1027
1027
1030
1038
1047
1051
1042
1031
1020
1016
1014
1017
1020
1008
981
957
962
993
1028
1043
1048
1047
1039
1028
1017
999
985
985
1011
1051
1083
1082
1065
1059
1068
1080
1102
1130
1153
1156
1156
1165
1186
1202
1224
1243
1244
1214
1165
1133
1130
1126
1108
1090
1084
1079
1049
989
933
923
970
1037
1065
1028
952
892
874
888
914
939
952
945
923
899
894
906
930
947
957
955
939
923
916
924
939
944
950
953
968
993
1011
1017
1023
1024
1011
982
938
902
889
909
945
974
965
935
914
905
911
934
984
1026
1037
1017
982
962
962
975
990
1005
1025
1032
1020
996
973
971
987
997
998
995
1002
1016
1028
1035
1041
1043
1034
1024
1016
1023
1046
1059
1054
1039
1032
1021
1018
1012
1004
984
959
943
951
973
992
1001
1011
1027
1041
1039
1023
1009
1002
1006
1009
1005
1009
1027
1055
1071
1052
1016
988
1003
1029
1036
1011
981
983
1021
1082
1130
1152
1169
1191
1215
1236
1258
1290
1298
1283
1245
1204
1157
1093
1037
1024
1039
1051
1045
1037
1037
1039
1019
978
934
917
925
928
911
894
889
907
920
930
923
916
918
920
922
929
932
931
928
932
942
954
968
985
987
965
945
949
965
984
979
948
913
895
904
921
934
945
954
962
959
961
962
966
970
977
988
996
999
998
998
997
996
1001
1017
1035
1047
1041
1024
1011
999
985
978
988
1007
1027
1037
1036
1029
1026
1023
1033
1050
1042
1008
968
954
963
977
974
962
964
979
999
1007
1013
1017
1016
1011
1014
1023
1027
1019
1005
1003
1026
1053
1070
1074
1066
1057
1037
1014
998
988
992
997
1018
1065
1122
1165
1190
1201
1220
1244
1265
1282
1283
1259
1227
1211
1198
1164
1092
1005
956
950
962
962
950
932
935
942
950
958
963
954
928
913
922
952
969
957
908
846
832
879
940
958
932
928
949
939
894
860
864
895
924
929
916
913
926
942
939
923
914
897
881
892
912
920
916
907
918
946
984
1002
986
949
921
915
932
936
933
944
961
979
987
971
951
941
967
1013
1041
1018
988
988
1009
1024
1039
1037
1008
967
937
946
991
1018
991
945
932
950
969
968
960
962
984
1000
998
987
980
990
1004
1019
1015
965
905
880
917
970
1001
995
964
929
922
937
956
963
963
973
1000
1021
1022
1002
984
975
994
1041
1081
1094
1100
1124
1164
1198
1226
1255
1280
1287
1292
1290
1270
1237
1214
1204
1184
1123
1025
936
891
892
909
914
908
889
868
846
826
819
830
850
862
865
869
871
872
862
854
846
843
845
854
869
880
888
889
875
849
843
871
929
960
924
847
794
806
849
889
897
890
883
879
857
835
826
829
849
869
875
877
882
891
900
902
908
929
963
981
953
910
885
886
886
881
897
945
978
961
926
909
908
915
917
925
932
931
912
893
887
896
904
904
901
899
899
905
912
918
917
913
916
932
958
967
938
886
843
829
849
877
892
898
906
924
940
942
920
900
887
899
918
913
891
861
847
845
860
880
891
897
896
898
905
910
911
909
905
904
907
909
910
907
909
913
920
924
926
934
941
937
908
881
871
877
886
886
881
898
918
927
906
868
852
857
874
890
897
898
898
892
889
898
909
909
908
920
942
963
971
972
996
1035
1062
1069
1053
1038
1068
1141
1223
1280
1303
1290
1252
1230
1234
1252
1269
1275
1242
1185
1133
1089
1050
999
954
926
910
899
886
885
891
890
884
866
844
846
875
917
950
968
950
882
811
792
812
847
887
906
897
866
827
799
792
806
834
856
856
846
849
856
865
875
882
888
891
893
893
890
885
887
893
898
900
905
899
889
889
916
954
979
945
854
795
823
887
925
926
920
916
923
932
944
949
947
939
943
949
951
940
934
934
936
937
942
946
946
939
941
959
977
974
957
942
955
983
996
999
1000
986
950
927
937
956
963
962
962
974
991
994
990
983
976
952
926
911
921
937
945
939
942
948
955
953
953
961
978
993
990
969
954
945
950
950
932
926
939
951
960
957
954
957
970
977
978
977
971
974
995
1017
1034
1031
1023
1013
1001
973
942
919
924
934
947
957
974
987
989
990
991
988
987
985
987
983
983
984
988
982
976
981
990
992
990
996
1003
1010
1021
1039
1064
1093
1101
1107
1122
1157
1206
1259
1314
1339
1339
1333
1343
1367
1377
1362
1352
1343
1328
1299
1254
1197
1146
1110
1090
1068
1028
977
936
935
966
989
981
950
935
934
926
902
883
886
895
905
909
911
912
927
941
947
937
926
934
946
940
923
915
933
945
928
904
908
933
923
891
875
885
909
931
944
946
946
947
956
971
969
951
942
956
978
998
1013
1017
1011
1005
1007
1003
985
978
987
1003
1016
1019
1006
990
993
1002
1002
998
990
989
994
999
1004
1012
1033
1043
1027
990
969
972
998
1026
1022
989
967
965
966
961
959
967
985
998
994
986
985
992
1005
1025
1038
1038
1018
1004
1005
1025
1038
1046
1054
1080
1124
1180
1241
1285
1323
1349
1347
1330
1302
1278
1266
1260
1237
1210
1187
1169
1144
1107
1071
1041
1011
968
927
921
932
944
945
938
932
929
934
935
925
918
913
913
922
925
934
941
938
925
909
906
913
924
941
960
955
916
871
853
870
897
912
919
925
932
932
936
939
947
950
953
951
957
963
971
972
977
978
983
990
994
999
996
994
1003
1011
1017
1018
1024
1026
1026
1022
1012
1001
992
988
991
996
1000
991
985
981
987
989
990
994
1002
1001
986
972
967
967
963
963
970
974
971
972
975
977
977
981
985
983
978
976
979
987
995
997
989
979
978
980
986
989
986
985
988
991
990
990
990
989
985
992
998
1003
999
991
989
