972
972
972
972
972
972
972
972
972
974
976
979
982
984
984
984
988
990
993
991
990
989
990
991
992
990
989
987
989
990
991
989
984
983
982
982
982
979
976
974
975
975
974
973
970
966
963
962
963
963
962
962
962
965
964
960
959
959
960
963
966
965
966
963
965
967
965
965
964
963
967
967
968
967
966
965
965
968
969
971
973
972
975
977
977
976
976
973
974
975
975
973
972
971
972
970
969
966
964
963
962
963
966
967
964
964
965
967
967
968
966
963
964
964
963
961
957
955
956
958
959
959
958
959
961
964
963
961
957
957
959
962
963
960
958
958
962
963
962
960
957
958
961
963
971
976
982
986
990
998
1008
1025
1044
1061
1085
1110
1140
1165
1177
1191
1202
1198
1174
1139
1099
1054
1018
998
988
980
978
977
981
981
980
977
973
971
969
969
965
964
963
962
964
961
959
955
957
956
960
965
967
965
961
960
959
959
959
957
959
957
960
960
962
962
964
968
973
977
982
983
984
983
981
985
985
983
982
981
982
985
989
991
989
991
992
992
992
991
990
987
984
986
988
989
991
989
990
991
990
989
986
985
983
985
982
983
981
979
979
980
978
974
971
966
967
969
969
964
958
957
962
968
971
973
974
973
970
972
974
976
976
976
981
981
980
977
976
972
973
973
972
973
972
971
973
973
971
970
969
968
971
970
971
969
969
966
965
964
966
965
963
961
961
962
963
963
965
960
958
958
958
957
954
956
959
963
965
964
960
954
952
955
961
966
966
965
957
957
960
965
966
967
969
968
970
971
967
967
970
969
966
964
962
961
960
963
966
968
967
966
966
966
965
963
962
966
970
973
974
968
961
954
951
952
955
957
955
959
962
965
964
967
970
971
972
966
966
967
971
971
976
978
976
970
968
967
970
975
979
981
981
977
975
973
972
969
965
964
968
971
977
982
985
988
1000
1016
1044
1071
1094
1119
1148
1171
1194
1213
1220
1202
1168
1124
1078
1033
1000
975
958
954
964
977
983
985
984
985
984
982
981
978
977
978
980
979
976
974
977
976
975
975
973
973
973
974
974
974
976
976
977
980
979
978
980
983
986
988
988
987
981
982
988
991
996
999
998
1000
1000
1002
1002
1003
1004
1005
1006
1007
1009
1007
1007
1006
1011
1014
1015
1013
1012
1012
1015
1015
1019
1019
1018
1019
1019
1022
1023
1024
1022
1023
1023
1022
1021
1018
1014
1009
1012
1010
1010
1008
1006
1002
1006
1005
1005
1002
996
995
992
995
993
994
992
992
992
994
996
994
993
990
994
996
999
998
996
993
996
999
998
997
995
993
995
998
999
997
997
997
999
1002
1002
1005
1001
1001
1002
1005
1003
1001
998
997
999
998
999
996
994
994
995
997
997
993
992
989
993
994
993
992
989
989
992
992
992
992
992
990
993
995
993
989
990
990
993
996
995
992
988
988
989
993
993
993
993
991
992
995
995
993
994
993
996
997
997
994
992
989
991
995
996
993
989
986
989
991
992
988
985
984
987
989
988
987
986
986
988
988
990
991
988
986
990
992
991
989
989
989
990
990
990
989
988
986
990
992
993
992
990
991
994
997
995
990
987
987
991
990
992
990
988
985
988
996
999
1003
1005
1009
1017
1029
1047
1068
1089
1112
1141
1166
1188
1207
1225
1235
1232
1211
1176
1135
1090
1051
1024
1005
993
985
986
993
1001
1003
1003
998
995
991
991
992
992
990
986
986
988
990
989
987
988
986
987
989
989
990
989
987
988
993
994
992
991
990
992
995
993
992
990
991
992
994
995
995
994
993
995
996
997
995
995
994
997
1000
999
999
997
996
999
1001
998
999
997
998
999
1003
1004
1004
1006
1008
1013
1016
1018
1016
1015
1016
1019
1020
1022
1021
1019
1017
1019
1018
1016
1013
1009
1007
1007
1009
1006
1004
998
997
996
996
995
994
991
990
991
993
990
990
989
989
990
993
992
991
989
990
992
992
990
990
986
987
986
987
986
987
985
984
985
985
987
988
988
991
990
992
991
992
992
992
994
996
995
995
992
989
991
992
991
989
990
987
989
990
989
988
985
985
987
988
991
988
986
985
985
987
988
986
985
982
985
986
986
983
986
982
986
986
985
983
983
981
982
985
985
983
983
981
980
982
980
980
978
980
984
987
991
994
996
1000
1004
1007
1012
1024
1039
1057
1078
1097
1119
1144
1162
1178
1194
1206
1206
1191
1169
1142
1110
1074
1044
1024
1011
1003
1000
1001
1003
1002
997
993
991
990
991
988
985
984
984
984
982
981
982
981
981
982
979
979
976
976
975
976
976
974
972
972
974
973
973
971
969
966
967
967
965
962
961
964
971
974
977
977
977
979
983
988
990
990
989
988
991
995
994
995
997
996
996
997
999
999
1000
1001
1001
1003
1004
1003
1003
1002
1004
1005
1007
1004
1004
1003
1005
1006
1005
1003
1001
999
1000
1000
996
994
989
987
987
986
982
980
978
978
976
973
972
967
964
966
968
968
971
967
972
979
984
988
991
992
990
992
993
993
993
992
992
994
994
993
991
989
988
992
992
994
991
991
991
990
991
990
988
988
988
990
990
987
984
980
980
980
982
981
979
976
975
977
978
975
971
968
967
967
968
965
963
963
962
965
967
969
971
971
974
979
985
986
985
984
982
982
984
984
983
981
981
985
984
988
986
986
985
985
985
983
984
982
981
982
983
983
982
979
980
981
983
981
978
978
978
978
978
977
974
971
972
973
974
973
971
969
967
969
970
972
969
968
969
971
974
976
978
980
982
986
988
989
986
988
989
989
990
989
988
987
986
988
989
989
989
984
986
989
990
989
987
988
987
991
992
990
989
988
988
993
997
999
1004
1005
1008
1017
1031
1051
1072
1092
1117
1146
1171
1193
1212
1226
1229
1212
1179
1134
1086
1044
1016
997
982
968
961
963
970
977
978
978
977
975
975
975
976
974
974
974
975
977
979
980
978
976
974
975
977
977
974
974
974
977
976
977
978
975
974
977
977
977
978
977
977
980
981
981
979
978
979
981
982
983
982
981
982
985
989
990
989
990
987
993
993
993
993
994
996
997
997
998
996
997
997
998
998
998
997
998
1001
1006
1010
1011
1011
1008
1007
1011
1011
1011
1008
1008
1008
1007
1009
1007
1003
1000
998
1000
999
997
996
993
991
990
990
991
989
986
983
983
986
983
983
982
982
985
985
985
984
980
977
981
986
988
988
985
984
986
990
992
991
988
989
992
992
991
989
985
984
984
985
984
983
979
978
980
986
988
987
986
984
986
988
988
987
983
982
983
982
981
980
976
975
976
980
980
981
979
978
979
979
980
979
976
975
979
980
981
982
981
977
981
981
982
981
981
980
981
983
986
985
986
983
987
988
987
986
985
983
981
983
982
982
979
981
983
983
983
980
976
976
981
984
988
994
998
1008
1023
1047
1070
1087
1105
1127
1154
1172
1186
1202
1209
1201
1177
1152
1116
1075
1041
1019
1007
997
993
995
996
998
1000
998
993
990
987
984
981
984
983
983
980
979
979
983
981
981
979
979
979
981
981
979
977
974
976
977
978
977
977
974
974
973
974
973
971
970
971
975
975
976
976
976
977
979
982
980
979
980
984
987
991
991
990
994
995
997
997
999
997
997
996
999
1000
998
996
994
996
1001
1003
1001
1001
999
1001
1002
999
996
994
993
992
990
990
987
984
980
979
979
977
976
973
971
969
970
970
969
967
966
966
968
965
965
963
963
962
966
969
972
971
974
979
981
984
986
984
986
990
993
994
993
990
991
993
994
993
992
989
990
991
990
989
991
991
988
987
990
987
986
984
983
983
981
982
981
980
978
979
980
980
979
977
974
975
976
974
972
969
966
966
967
966
964
963
961
962
962
964
960
961
960
962
967
973
982
989
997
1009
1026
1042
1056
1070
1087
1108
1129
1144
1156
1167
1169
1164
1148
1124
1089
1051
1020
1005
997
989
982
980
981
983
981
979
974
971
969
969
968
970
967
965
964
964
965
964
960
960
961
964
964
962
962
958
960
961
961
961
960
959
961
960
964
966
964
962
961
964
966
964
965
966
968
973
978
979
977
975
977
980
981
981
979
979
982
984
985
986
985
986
985
986
990
989
991
992
994
998
998
997
998
997
996
999
1001
1000
997
994
992
992
991
989
984
982
979
981
982
981
975
972
972
969
971
969
967
965
964
965
967
966
966
965
967
968
972
970
970
967
967
969
970
969
967
964
964
966
969
967
966
965
967
970
971
969
969
968
969
969
972
972
969
966
969
972
973
973
971
970
972
970
971
972
968
965
969
971
973
972
968
964
965
966
968
966
965
963
965
965
969
967
966
965
965
968
968
968
968
968
967
971
973
971
969
966
963
967
968
968
967
966
963
966
969
969
968
967
966
966
970
968
969
967
966
969
971
969
971
970
970
971
972
970
970
967
965
966
966
966
964
963
962
962
962
962
963
961
961
961
962
962
960
960
959
960
961
959
960
957
960
964
966
968
973
970
971
971
973
970
970
967
968
969
970
968
967
966
964
964
964
965
965
964
961
963
964
967
966
965
962
964
966
966
965
964
964
964
964
962
963
961
961
961
962
964
963
962
962
965
965
965
965
964
966
967
970
969
970
968
969
970
969
967
969
969
970
970
971
970
971
972
973
978
980
979
976
975
976
975
977
978
979
980
979
983
984
984
986
988
996
999
1002
1008
1015
1030
1049
1073
1094
1117
1137
1156
1172
1188
1201
1199
1174
1140
1098
1057
1023
999
983
970
966
967
975
980
980
978
975
975
972
972
966
967
963
964
964
961
957
957
954
952
953
950
950
952
957
964
967
968
969
967
965
966
967
969
967
967
968
967
969
968
970
971
973
974
976
977
975
974
975
978
983
983
984
982
983
983
984
983
982
983
981
983
988
989
988
988
989
990
991
989
988
986
988
992
993
993
994
994
996
997
998
999
996
994
993
994
993
993
991
990
991
996
996
996
994
990
992
989
990
989
986
983
980
982
984
984
982
981
980
982
983
984
981
982
982
984
984
983
981
980
979
979
981
979
978
975
977
979
979
978
978
978
980
981
983
982
980
978
975
977
976
973
971
968
967
968
969
968
969
969
971
973
974
973
972
971
972
975
974
976
975
973
971
976
976
976
977
976
976
975
976
975
973
972
972
973
975
975
976
973
971
972
971
973
972
972
970
972
972
971
969
965
964
965
967
966
965
959
958
959
960
960
962
958
957
963
967
970
969
966
967
969
971
972
971
969
970
972
974
975
975
973
976
977
978
977
976
975
975
977
979
977
976
975
974
977
979
978
977
977
977
976
976
977
978
977
980
981
986
991
994
998
1007
1028
1053
1075
1097
1119
1143
1165
1186
1197
1196
1175
1139
1096
1055
1019
991
970
962
964
972
983
986
985
981
980
981
979
977
975
973
976
978
976
973
972
969
971
973
974
971
969
968
970
971
969
967
964
965
968
969
969
969
966
968
969
971
970
969
967
968
970
972
972
972
970
971
974
977
976
977
976
980
982
985
986
987
987
989
991
995
994
995
994
996
998
997
998
997
996
998
1000
1002
1000
998
997
996
996
998
996
993
991
989
988
988
986
984
981
979
979
979
978
975
972
972
974
974
971
969
967
968
971
970
970
966
965
964
965
964
965
963
964
964
965
969
968
968
968
968
969
971
969
970
967
967
968
970
972
973
974
974
977
977
976
976
972
972
976
975
975
973
973
971
973
974
973
974
972
972
971
972
971
969
968
968
970
971
970
968
968
967
968
969
968
967
963
962
964
966
966
966
966
962
966
966
965
963
962
963
962
964
963
962
960
958
960
962
963
960
956
954
956
959
957
959
961
965
974
979
980
979
976
976
977
980
978
978
976
976
978
979
980
975
976
973
975
977
975
973
973
971
973
972
971
969
968
970
970
973
974
976
975
977
976
981
986
993
995
1002
1015
1036
1057
1076
1094
1118
1142
1158
1169
1175
1174
1160
1136
1109
1071
1032
1005
994
991
990
990
988
989
985
984
983
978
974
970
970
971
971
967
964
963
963
965
968
966
966
965
965
965
967
969
970
967
966
967
969
967
968
968
968
969
970
969
967
965
966
968
969
969
968
967
968
969
971
973
971
973
977
982
985
986
988
987
987
991
993
992
990
989
991
993
995
995
996
996
996
997
999
998
996
991
989
989
988
984
981
978
976
977
977
974
970
970
971
970
969
966
965
966
965
967
969
967
967
965
966
968
968
967
966
966
965
965
966
967
969
969
972
974
977
977
976
976
973
975
975
974
974
975
975
976
977
974
975
973
973
973
974
972
971
970
970
970
970
970
970
970
966
966
970
970
966
967
967
967
968
967
967
965
966
966
967
965
965
963
964
963
965
965
964
961
961
960
962
964
962
963
966
969
971
970
969
968
967
968
969
967
967
966
966
966
968
968
966
963
962
965
968
967
965
964
964
963
966
965
970
971
977
984
988
991
997
1010
1028
1050
1071
1094
1121
1141
1160
1176
1187
1176
1145
1104
1056
1016
991
977
967
965
967
974
977
976
971
965
964
965
970
971
971
969
968
970
970
969
968
964
964
962
964
962
960
956
956
959
961
960
960
961
962
965
967
966
965
964
965
966
968
966
966
964
968
969
971
971
971
971
972
974
976
973
973
975
976
978
980
981
981
983
984
985
988
991
994
995
998
1002
1003
1004
1002
999
996
999
998
998
995
992
989
989
990
986
980
976
975
975
974
973
970
965
965
967
970
969
968
966
964
968
968
968
966
963
963
964
966
965
964
963
962
962
964
963
962
958
957
959
961
961
962
961
961
960
962
960
958
955
955
955
961
961
963
964
967
972
975
974
973
970
970
970
971
970
968
969
970
972
973
971
970
967
967
970
973
973
970
969
969
971
973
972
971
969
969
968
971
970
970
966
966
967
968
967
964
963
961
963
966
966
963
961
963
967
969
968
964
962
963
964
967
965
964
963
962
962
966
968
965
967
969
973
979
978
977
975
975
976
980
980
981
981
983
990
997
1003
1011
1030
1050
1075
1101
1128
1152
1172
1189
1207
1222
1217
1194
1155
1109
1062
1023
995
977
963
957
959
968
972
975
974
971
972
974
971
969
967
963
965
965
962
963
962
959
959
961
960
960
960
960
960
962
961
962
964
963
966
971
968
967
965
965
969
970
970
971
970
971
972
972
973
971
972
973
974
973
977
976
975
976
977
981
981
981
980
982
985
989
989
989
989
988
991
993
993
994
993
993
993
994
995
995
993
993
993
993
992
990
987
985
984
981
979
978
973
971
970
972
970
969
969
969
973
975
975
975
973
976
977
979
978
975
973
974
974
975
974
974
973
973
973
976
979
977
976
977
980
980
978
976
974
976
978
979
979
976
975
973
976
975
976
974
973
973
976
978
977
975
972
972
974
975
974
971
970
969
969
966
969
964
960
959
960
963
961
957
955
955
960
966
967
967
969
970
974
976
982
984
983
984
986
988
985
982
982
980
980
984
983
978
974
974
976
977
977
975
970
969
970
971
972
970
969
969
971
975
973
971
968
969
970
972
972
971
967
967
969
972
972
971
970
972
978
985
989
993
1000
1016
1037
1056
1075
1093
1114
1133
1146
1159
1170
1173
1160
1141
1116
1088
1055
1027
1013
1003
997
998
997
996
993
989
987
987
984
981
977
975
975
976
974
974
968
967
969
969
969
969
967
966
968
969
967
967
965
966
968
967
966
965
965
962
964
968
967
967
966
966
966
969
967
971
969
970
973
976
975
978
977
977
981
983
983
980
975
978
982
983
983
981
982
985
988
991
993
993
996
999
1003
1003
1004
1001
997
999
1002
1004
1002
1001
999
998
999
1001
998
995
992
991
990
991
990
985
981
981
981
980
981
978
976
973
975
975
976
974
971
972
977
979
979
977
972
971
974
976
972
972
970
970
971
974
974
973
970
967
969
971
968
968
967
967
968
970
970
972
973
974
977
980
981
979
976
977
978
980
980
979
976
977
977
980
977
975
975
973
975
978
975
975
973
976
977
978
977
974
973
973
974
975
976
972
971
968
970
970
969
968
968
968
968
970
968
967
966
967
967
968
968
967
965
965
968
970
970
968
967
970
970
972
971
971
971
970
971
973
973
971
969
971
970
972
972
970
969
971
974
979
977
975
970
972
972
975
974
973
968
969
969
971
968
967
966
967
969
970
971
966
965
964
966
970
969
966
965
966
970
973
974
978
980
984
992
998
1012
1029
1045
1063
1083
1108
1134
1151
1159
1173
1183
1181
1163
1136
1102
1062
1032
1013
1004
997
988
985
987
991
991
987
982
980
980
979
977
977
973
971
972
972
972
970
966
967
967
968
965
965
961
962
963
964
965
963
961
962
962
964
964
966
962
962
964
966
968
967
965
969
971
974
975
974
975
975
976
979
981
984
984
990
990
992
992
993
992
994
996
997
998
995
996
997
999
1000
999
998
996
1000
1000
1001
1002
999
998
999
1000
1001
1002
998
994
995
995
996
994
991
986
985
984
985
984
981
980
979
981
980
980
979
978
977
978
979
980
978
975
976
978
979
979
976
974
974
974
975
975
