938
938
938
938
938
938
938
938
934
932
931
932
932
935
935
933
930
930
931
929
928
928
930
931
930
932
935
933
931
932
930
931
929
928
932
934
935
936
937
938
936
935
934
936
935
931
935
937
938
938
939
939
939
940
936
934
936
936
937
940
941
941
942
944
943
941
941
939
939
939
942
942
944
946
946
945
945
945
943
942
943
943
944
945
947
950
951
953
951
953
953
952
952
952
955
958
959
962
962
964
961
960
959
958
956
953
954
953
953
953
953
952
950
946
946
943
941
940
940
939
941
940
940
942
941
939
937
936
936
936
935
937
935
937
940
937
935
935
934
932
933
932
934
933
935
936
936
937
935
933
932
932
930
929
929
930
932
934
931
935
934
934
931
931
930
929
932
933
937
939
943
944
944
942
941
942
941
942
945
947
951
955
953
950
947
942
937
938
937
934
938
938
937
937
938
934
933
930
926
921
920
920
921
920
922
923
926
926
924
925
923
919
923
922
924
924
922
919
914
913
915
924
940
961
991
1024
1068
1110
1148
1171
1168
1138
1088
1027
974
938
921
922
934
945
952
958
955
950
940
936
930
928
927
928
931
929
931
930
930
930
931
929
928
927
926
928
927
929
931
932
933
933
932
932
930
929
930
930
930
931
930
932
933
933
931
931
928
928
926
929
931
933
933
935
934
936
936
936
935
933
933
933
933
936
936
939
940
941
940
939
936
935
935
932
934
936
939
943
942
941
941
943
939
940
941
944
948
950
952
953
955
956
956
956
955
956
954
954
954
955
955
959
958
957
956
952
948
947
943
942
944
941
943
942
943
942
941
942
940
937
936
934
933
934
935
936
936
937
936
935
935
933
931
932
932
934
935
936
934
936
936
935
934
933
931
932
932
931
933
932
932
934
932
930
928
927
928
927
926
928
930
931
930
931
931
930
931
930
930
931
934
936
938
941
942
943
942
943
943
944
944
946
947
947
945
942
941
938
938
937
935
933
934
933
935
936
934
935
930
926
924
920
918
918
918
918
919
921
922
924
924
924
923
922
922
921
919
918
914
910
909
912
923
942
969
1002
1043
1085
1131
1168
1185
1174
1137
1081
1022
972
939
924
926
934
941
944
947
946
944
940
935
931
930
927
924
924
922
925
928
928
929
927
928
930
929
925
923
923
921
922
924
927
927
930
929
929
928
927
927
927
926
925
926
927
930
931
930
933
933
932
930
931
929
929
927
928
929
933
936
937
939
937
937
934
933
932
933
932
933
933
934
937
938
937
937
935
935
934
935
936
937
936
937
940
939
937
938
937
939
942
947
949
952
955
956
956
954
955
952
951
950
947
948
951
950
951
950
949
946
944
941
940
939
938
938
937
939
940
938
935
935
934
934
933
931
931
933
932
933
936
934
936
935
932
932
929
930
928
929
930
931
932
932
932
930
930
928
924
922
920
922
926
928
931
931
931
931
926
926
924
925
926
927
928
929
930
928
929
928
925
926
923
926
926
930
931
933
934
935
936
938
937
938
941
941
940
942
940
938
938
936
937
933
935
935
931
929
926
926
925
926
927
926
924
924
921
920
917
916
915
916
918
917
918
920
921
923
920
919
918
916
916
914
912
909
908
913
928
952
981
1018
1063
1112
1154
1184
1188
1162
1110
1045
981
935
913
908
918
927
935
938
940
939
938
935
932
929
927
924
923
922
921
920
922
923
924
925
925
925
924
923
922
923
921
919
921
922
922
924
926
924
924
925
922
924
923
925
925
925
927
929
929
929
928
930
928
927
928
925
925
929
930
930
933
932
933
933
930
929
929
930
930
931
933
933
931
934
932
930
930
929
929
930
930
933
933
936
937
938
937
938
939
939
939
941
944
948
948
950
951
950
949
949
947
947
945
943
945
944
945
944
943
942
941
939
934
934
932
931
934
934
934
933
934
935
932
930
930
929
930
929
931
931
933
933
931
933
931
932
928
925
928
927
929
929
931
930
930
931
928
927
926
923
924
924
926
928
928
927
929
929
925
927
923
925
923
925
924
926
928
929
931
932
932
932
933
933
933
935
936
938
940
941
944
946
949
949
947
942
939
936
935
937
936
937
937
936
935
934
932
928
927
925
923
923
921
920
920
922
921
919
920
919
918
919
921
921
924
922
922
923
923
921
918
913
909
905
907
919
936
960
990
1025
1067
1105
1142
1167
1169
1149
1108
1054
1001
956
930
921
925
934
942
946
947
947
946
942
939
938
935
933
932
930
927
929
927
926
927
928
930
929
930
931
929
930
926
928
926
928
929
931
932
931
934
933
932
931
930
929
930
931
933
934
935
936
937
936
934
933
931
930
932
934
937
939
940
939
939
939
938
936
937
936
936
938
940
940
943
944
943
942
941
940
939
939
940
939
941
943
945
944
944
943
943
943
942
942
944
947
951
953
954
956
959
958
958
956
956
956
957
957
956
957
958
957
956
954
952
950
947
944
945
945
945
945
944
943
943
941
941
937
937
936
936
937
938
938
938
938
939
937
937
934
935
932
933
932
936
935
939
937
938
936
934
934
932
932
931
932
934
934
934
934
934
934
933
932
929
927
926
929
931
933
933
935
936
935
936
936
935
937
939
940
944
946
945
947
947
947
946
946
947
949
951
949
947
946
943
943
943
941
940
939
939
936
935
936
934
937
934
933
930
927
924
921
919
919
921
923
923
924
928
927
926
926
925
924
924
924
925
923
922
918
917
916
921
932
948
973
1005
1042
1083
1126
1161
1177
1167
1130
1078
1022
971
938
923
926
934
945
951
956
956
952
950
944
939
935
933
932
932
932
932
934
933
934
934
931
931
930
929
927
929
930
932
933
935
935
934
935
933
933
933
931
933
933
935
937
937
938
938
939
935
936
936
934
936
935
937
937
939
940
940
939
938
939
937
937
940
939
942
942
944
944
946
945
943
942
942
940
941
943
946
947
946
947
948
947
946
945
943
944
946
946
948
952
954
957
958
957
958
956
958
959
960
962
964
965
967
967
966
964
962
959
955
955
955
953
956
953
953
951
952
949
949
947
943
942
941
943
943
944
946
946
945
944
943
939
940
939
938
939
940
942
941
940
942
942
941
939
937
937
936
935
938
939
940
940
939
940
937
936
935
933
933
934
937
934
935
936
936
935
935
933
934
933
931
934
935
940
943
944
944
946
946
945
946
946
945
946
950
951
955
957
958
955
953
949
944
942
942
944
943
944
944
943
943
942
939
936
932
929
927
926
927
926
930
928
928
928
926
925
925
924
924
926
925
927
929
927
926
921
918
913
921
937
961
996
1039
1086
1134
1166
1173
1151
1101
1042
986
945
925
925
936
950
959
963
962
958
951
943
939
934
934
935
935
938
937
938
937
935
931
933
932
931
931
931
933
936
936
936
936
935
934
933
935
935
933
936
938
939
942
943
944
941
941
940
939
939
939
940
941
944
944
942
944
943
943
942
942
944
941
944
947
948
951
950
953
952
950
948
947
948
947
946
949
952
953
953
957
955
953
951
952
952
952
953
957
959
962
965
964
966
967
969
969
969
968
969
969
970
972
970
970
967
964
960
956
954
953
954
955
957
956
956
956
953
950
947
946
945
942
944
945
946
946
942
945
944
943
941
939
939
936
935
938
938
939
940
941
940
940
938
937
937
936
935
937
939
938
938
938
938
937
935
935
933
934
935
935
938
938
938
936
936
935
934
934
935
935
939
940
942
944
946
946
946
947
945
944
944
947
950
955
955
956
955
953
951
946
944
942
942
942
944
944
945
945
943
943
940
936
933
931
927
924
927
927
930
930
931
931
930
928
928
928
927
925
926
928
930
931
930
927
923
918
920
929
948
974
1009
1052
1097
1142
1178
1195
1183
1147
1091
1033
983
948
934
933
939
950
955
955
952
952
947
944
938
936
935
935
936
937
937
935
937
932
933
932
931
932
934
937
938
939
938
937
937
936
934
934
933
932
933
933
935
937
938
939
939
940
937
938
938
937
938
939
940
944
943
946
944
944
943
941
940
938
940
939
941
942
942
944
944
942
940
939
938
935
937
939
940
943
945
948
947
945
943
943
942
944
946
949
952
957
957
961
962
958
959
956
957
956
958
957
960
959
958
958
957
956
956
952
949
947
949
948
947
947
947
948
948
945
944
940
937
936
937
941
943
945
945
946
944
941
940
938
939
938
939
937
939
940
938
939
937
936
932
932
931
932
934
935
936
937
939
939
938
937
938
937
936
934
932
932
934
935
935
936
936
936
938
939
942
941
943
945
947
947
949
951
954
954
954
951
949
946
943
943
943
945
945
945
944
941
937
936
935
932
931
932
930
929
928
927
927
926
926
926
925
925
926
928
930
929
931
931
931
929
925
922
918
917
922
934
956
983
1020
1063
1108
1148
1175
1182
1158
1111
1054
997
953
927
921
927
934
943
947
945
943
942
941
941
939
938
937
937
934
931
930
927
930
929
930
931
932
933
937
935
936
936
933
933
934
934
935
935
936
937
937
939
939
937
936
936
935
934
935
937
938
940
941
942
943
942
941
940
939
940
942
942
944
945
946
946
946
945
943
941
940
940
940
944
944
945
946
946
945
945
944
942
943
943
945
946
948
950
951
951
952
955
954
954
953
955
958
960
961
965
965
966
967
966
964
962
962
959
961
959
960
957
958
959
958
956
953
952
950
949
949
950
951
951
953
952
951
948
951
947
946
945
946
946
948
951
952
951
951
950
950
947
946
946
947
947
948
949
950
951
950
949
948
946
946
944
945
945
948
948
950
949
948
947
945
943
942
943
943
944
946
948
949
948
951
952
951
952
955
953
955
957
959
960
961
962
965
964
966
966
962
960
958
959
955
957
959
958
956
953
951
949
949
947
946
944
944
943
941
943
941
940
938
938
939
938
939
941
942
943
944
943
942
945
943
942
940
936
934
931
936
942
957
981
1006
1040
1078
1114
1148
1170
1174
1154
1113
1064
1014
974
951
946
950
958
965
967
969
968
965
961
957
956
953
951
949
948
948
945
945
946
947
951
952
950
951
950
950
947
947
948
950
950
949
951
953
952
953
951
950
949
949
947
949
951
952
954
954
954
955
953
954
950
952
953
952
955
955
957
958
958
957
957
956
955
955
953
956
957
958
960
960
960
960
961
959
958
957
957
960
962
962
963
964
965
965
964
963
963
964
963
964
967
971
972
974
975
976
976
975
976
976
975
974
977
976
980
977
981
978
976
972
970
969
967
967
969
967
968
968
967
966
960
958
958
958
956
957
957
957
957
958
956
959
957
954
953
953
954
954
954
956
955
957
954
955
954
952
949
951
950
950
952
953
953
953
954
954
952
949
949
949
948
948
950
951
952
953
952
950
950
947
946
943
944
946
948
950
951
954
957
957
957
959
957
957
957
957
959
962
963
968
969
970
968
966
962
959
955
955
954
956
955
956
956
955
953
948
946
941
939
936
936
937
939
942
943
942
943
942
939
939
938
940
941
942
944
945
944
943
939
934
930
932
937
953
975
1004
1039
1080
1118
1154
1176
1175
1147
1100
1041
989
955
939
941
953
965
970
972
967
963
957
952
949
948
947
950
950
950
950
948
946
945
944
945
947
947
948
949
950
950
949
948
949
948
947
949
947
949
949
951
952
953
952
951
948
947
947
947
948
951
952
954
956
958
956
955
954
953
953
955
954
955
954
955
959
959
959
958
958
956
954
955
956
959
959
961
963
962
961
960
960
959
959
957
958
963
961
964
967
968
969
970
969
971
970
969
973
973
974
977
978
977
976
974
973
971
968
966
966
966
964
966
965
963
963
962
959
957
955
954
953
952
954
955
956
956
956
954
951
950
949
946
949
949
953
952
950
951
949
948
947
947
946
946
946
947
949
950
950
950
949
949
946
944
944
944
943
943
944
946
946
946
946
945
944
942
942
941
942
944
945
948
948
950
951
952
953
950
952
953
952
956
956
957
958
961
964
965
966
963
960
958
954
953
951
952
952
953
953
950
950
948
946
945
942
943
939
940
939
940
940
940
936
934
934
936
938
937
939
941
941
943
942
941
940
936
931
928
926
930
942
958
982
1013
1049
1089
1126
1160
1175
1172
1144
1099
1049
1000
964
944
939
946
956
960
963
962
959
956
951
950
948
947
943
945
945
944
940
940
940
942
943
943
945
946
945
943
944
943
943
942
943
944
944
944
944
947
947
946
946
944
945
942
944
945
947
948
947
951
952
951
948
948
946
948
948
949
950
953
952
953
953
952
951
950
950
948
948
949
948
952
951
948
950
948
946
945
945
944
947
949
951
953
955
956
957
957
957
955
955
955
956
959
965
966
968
970
972
972
971
971
970
969
969
969
967
968
968
968
966
964
962
958
955
955
953
954
955
954
954
955
953
950
948
945
947
946
943
946
946
947
950
948
949
948
946
943
946
943
945
945
944
946
946
944
946
943
943
941
940
939
941
941
941
943
944
944
943
943
941
940
939
940
940
940
943
944
945
946
946
947
944
946
945
947
950
949
952
953
956
960
963
964
963
961
957
952
949
947
946
946
945
946
946
947
946
943
943
939
934
935
933
935
934
935
935
936
934
934
931
933
933
935
936
937
937
938
938
933
929
924
922
924
935
954
983
1019
1064
1114
1163
1194
1201
1173
1121
1057
998
957
937
936
943
956
963
962
960
956
951
944
939
937
938
941
943
943
944
943
942
940
937
937
935
938
939
941
943
942
941
944
940
940
938
938
937
937
939
941
943
944
946
947
948
945
944
942
943
943
947
949
950
948
946
946
943
943
941
940
942
944
948
948
950
949
947
948
946
943
942
943
943
943
946
949
951
952
951
952
949
949
948
946
945
946
948
952
956
957
959
959
961
961
962
962
963
965
966
967
967
968
970
967
966
963
963
962
960
960
959
958
960
957
957
954
954
951
952
949
948
949
949
949
951
950
949
949
947
946
942
940
942
944
944
946
950
950
949
946
944
942
941
941
941
941
943
943
945
945
947
944
945
943
941
939
940
939
939
938
940
940
940
940
939
939
938
936
934
935
935
936
938
943
946
950
951
951
951
948
946
947
946
951
953
955
957
956
955
952
952
948
949
949
947
947
946
945
944
944
942
941
935
933
931
930
930
933
935
934
936
934
934
930
931
930
931
932
932
933
934
932
932
926
920
917
920
928
948
974
1011
1054
1102
1150
1189
1210
1201
1164
1106
1037
979
939
924
924
937
946
954
957
952
950
945
942
938
937
936
939
944
942
942
942
940
937
935
934
933
933
933
933
938
937
937
939
940
938
936
936
937
939
939
940
943
942
943
945
944
944
942
940
940
943
942
945
947
945
947
946
945
946
944
943
943
944
945
949
949
950
950
948
946
944
943
944
944
946
944
947
947
948
949
946
947
944
944
944
942
945
946
948
951
952
955
955
957
957
959
960
959
959
963
963
964
967
967
966
963
960
958
958
954
954
957
958
958
956
956
953
950
948
947
946
945
947
947
946
948
947
947
948
947
944
944
943
943
945
946
945
948
947
946
947
943
943
941
942
940
941
941
940
944
943
945
944
941
941
939
939
939
939
941
941
942
942
942
942
941
940
939
938
937
939
939
943
944
945
949
949
951
951
952
950
949
952
952
953
958
961
963
963
962
960
955
953
951
952
951
952
953
954
952
952
949
946
944
941
938
937
935
938
937
938
937
941
939
938
937
937
935
937
939
940
942
943
941
939
935
928
924
924
934
953
978
1016
1061
1108
1155
1191
1204
1187
1142
1079
1015
965
936
930
941
953
965
970
970
966
962
957
952
949
949
950
951
953
951
950
950
947
946
945
943
944
945
946
951
951
950
950
950
947
947
946
946
947
950
952
954
954
954
954
953
953
949
952
951
950
952
955
956
955
956
955
956
954
950
953
952
952
953
953
955
955
957
956
955
952
953
951
951
952
953
955
957
957
956
955
954
952
955
954
953
954
958
960
963
966
969
970
971
972
970
970
971
974
975
975
975
977
977
975
972
970
967
965
964
964
964
964
964
964
962
963
959
958
955
954
954
953
955
955
956
957
955
954
952
953
951
950
949
951
951
951
952
954
953
952
951
950
947
947
945
947
947
951
949
951
949
948
948
947
945
945
945
944
945
945
947
948
947
949
944
942
942
943
941
946
947
950
953
955
956
957
959
957
956
955
956
957
964
965
970
969
970
967
962
958
955
952
952
952
954
956
955
954
955
953
950
946
941
938
936
934
935
937
941
940
941
940
939
940
940
939
938
940
940
942
943
943
942
940
935
929
927
927
936
954
981
1008
1045
1083
1127
1163
1190
1194
1173
1130
1073
1016
